0	0
0	2369
0	1959
0	497
0	7065
0	4477
1	1
1	2
1	3
1	3592
1	522
1	11
1	21
1	1572
1	555
1	1581
1	3630
1	562
1	3082
1	2571
1	72
1	2743
1	82
1	6242
1	4712
1	106
1	108
1	625
1	631
1	8313
1	637
1	129
1	133
1	3206
1	2701
1	2708
1	151
1	153
1	667
1	2206
1	2721
1	1186
1	8390
1	8871
1	8873
1	1201
1	3767
1	5919
1	5830
1	1223
1	7373
1	2852
1	5787
1	3322
1	2302
1	264
1	6932
1	6933
1	1157
1	1316
1	3878
1	6956
1	6447
1	2440
1	7990
1	320
1	834
1	2373
1	3399
1	331
1	333
1	850
1	355
1	4974
1	1907
1	372
1	3460
1	9093
1	4488
1	322
1	4496
1	9633
1	419
1	935
1	3911
1	9151
1	4427
1	969
1	979
1	8148
1	2005
1	4566
1	5595
1	479
1	484
1	1004
1	8688
1	9714
1	5630
1	2559
2	5122
2	4099
2	7
2	9
2	4109
2	15
2	528
2	3089
2	3090
2	20
2	8730
2	1057
2	35
2	3116
2	567
2	4664
2	6714
2	3646
2	8775
2	3147
2	3661
2	80
2	81
2	696
2	601
2	94
2	98
2	2661
2	6246
2	3180
2	5233
2	5747
2	117
2	128
2	3718
2	6792
2	1679
2	144
2	146
2	148
2	1686
2	1689
2	7326
2	162
2	2213
2	9387
2	173
2	693
2	184
2	188
2	3776
2	201
2	203
2	206
2	209
2	1235
2	219
2	1246
2	6374
2	746
2	1263
2	241
2	5331
2	3829
2	1270
2	4860
2	2304
2	263
2	1289
2	4874
2	1293
2	7439
2	7444
2	286
2	7967
2	8992
2	7457
2	8997
2	1831
2	7467
2	301
2	4914
2	2357
2	3901
2	3914
2	2382
2	9557
2	8762
2	350
2	353
2	4497
2	361
2	362
2	1900
2	8559
2	368
2	380
2	385
2	387
2	390
2	3978
2	3469
2	1937
2	2967
2	8088
2	3494
2	427
2	4873
2	2483
2	1463
2	3515
2	8010
2	7103
2	3009
2	3522
2	8648
2	469
2	471
2	5601
2	2846
2	486
2	4075
2	9204
2	1015
2	506
2	6651
2	1020
3	4
3	327
3	8072
3	940
3	240
3	6561
3	1717
3	6199
3	3993
3	9050
3	8766
4	2958
4	7305
4	2199
4	9613
4	14
4	536
4	2435
4	23
4	792
4	9116
4	2719
4	9505
4	2469
4	9768
4	4295
4	4140
4	7600
4	5170
4	179
4	820
4	439
4	59
4	444
4	3390
4	1219
4	583
4	2504
4	330
4	311
4	76
4	9933
4	718
4	78
4	7383
4	9048
4	1241
4	1629
4	280
4	5215
4	3427
4	9702
4	6764
4	3443
4	2040
4	9978
4	9723
4	382
4	3967
5	5121
5	6660
5	5
5	6
5	4353
5	10
5	13
5	5138
5	4867
5	3758
5	2586
5	2075
5	1566
5	9446
5	34
5	7863
5	44
5	1069
5	4142
5	50
5	2100
5	9271
5	58
5	6203
5	3132
5	1085
5	8254
5	6207
5	2827
5	68
5	9288
5	7753
5	4170
5	587
5	4690
5	2644
5	597
5	86
5	4965
5	9819
5	2653
5	606
5	95
5	3681
5	1127
5	1129
5	9322
5	1639
5	109
5	9747
5	2679
5	9855
5	1155
5	8641
5	136
5	4757
5	2198
5	5271
5	4761
5	154
5	1694
5	3235
5	167
5	174
5	1711
5	3102
5	183
5	6328
5	697
5	8381
5	190
5	4981
5	4803
5	3780
5	8565
5	3784
5	9930
5	204
5	3962
5	5343
5	4305
5	8916
5	2265
5	218
5	1243
5	221
5	2783
5	7029
5	5860
5	2278
5	5358
5	4339
5	244
5	1274
5	5498
5	1279
5	256
5	3329
5	2307
5	2823
5	267
5	273
5	4654
5	798
5	3363
5	2340
5	5416
5	8156
5	4908
5	477
5	819
5	4404
5	2358
5	7479
5	1850
5	2363
5	3904
5	321
5	1859
5	1860
5	328
5	6992
5	8019
5	3412
5	1878
5	8541
5	357
5	8044
5	7022
5	1393
5	9075
5	1397
5	4471
5	376
5	3450
5	1916
5	5502
5	8064
5	2434
5	6026
5	2955
5	909
5	1424
5	8081
5	5538
5	8101
5	6055
5	8104
5	942
5	3503
5	433
5	5790
5	5046
5	9289
5	2497
5	4034
5	75
5	4039
5	6090
5	9166
5	7120
5	6614
5	1500
5	1501
5	993
5	2531
5	9190
5	5097
5	7335
5	8691
5	4094
5	7677
5	2046
6	1505
6	3819
6	8668
6	138
6	299
6	2348
6	4560
6	3123
6	55
6	3097
6	1338
6	4377
6	394
6	734
6	2117
7	384
7	6313
7	7318
7	9223
7	8
7	2441
7	5002
7	396
7	653
7	1166
7	9098
7	16
7	18
7	2067
7	22
7	1817
7	155
7	1180
7	1181
7	799
7	1828
7	6342
7	38
7	40
7	1436
7	170
7	8108
7	6002
7	308
7	6583
7	7327
7	3388
7	3389
7	5314
7	451
7	70
7	6472
7	7180
7	74
7	845
7	1358
7	5712
7	9174
7	6743
7	989
7	4960
7	9569
7	1890
7	2149
7	7964
7	1647
7	369
7	498
7	756
7	1655
7	6186
7	7497
8	107
8	2058
8	7435
8	33
8	1543
8	7411
8	53
8	822
8	2621
8	949
8	9794
8	8020
8	345
8	348
8	8169
8	2411
8	4588
8	3315
8	1524
8	84
8	764
9	3745
9	2851
9	7908
9	1420
9	259
9	373
9	3387
9	2299
9	7711
10	513
10	8200
10	2060
10	5473
10	2065
10	19
10	2069
10	24
10	7193
10	2589
10	31
10	8736
10	4646
10	49
10	6707
10	52
10	9782
10	568
10	5693
10	63
10	6209
10	3655
10	6728
10	9293
10	9817
10	4283
10	103
10	105
10	871
10	9328
10	7291
10	125
10	126
10	7296
10	9857
10	130
10	1156
10	135
10	7304
10	1675
10	4753
10	158
10	9895
10	4264
10	2218
10	5292
10	8733
10	2227
10	1205
10	1211
10	2753
10	194
10	1222
10	202
10	1741
10	6355
10	4313
10	6874
10	2053
10	8420
10	2277
10	8942
10	5360
10	754
10	5881
10	5882
10	1276
10	254
10	7937
10	7938
10	5931
10	3844
10	3338
10	5387
10	270
10	7443
10	4381
10	292
10	294
10	4907
10	2862
10	304
10	824
10	4921
10	2367
10	4416
10	9541
10	6470
10	2375
10	9544
10	1356
10	4942
10	853
10	8022
10	8539
10	349
10	997
10	8544
10	3425
10	870
10	3943
10	9582
10	4465
10	370
10	9535
10	5504
10	7347
10	1415
10	1938
10	9622
10	5016
10	9625
10	7068
10	928
10	4001
10	418
10	5027
10	3509
10	5573
10	2505
10	3531
10	1484
10	981
10	3544
10	7650
10	2021
10	6630
10	8360
10	1523
10	9716
10	3574
10	9386
10	6143
11	550
11	7745
11	6569
11	8138
11	8743
11	12
11	2030
11	1204
11	5461
11	90
11	287
11	3516
11	2173
11	703
12	5506
12	2308
12	8841
12	8589
12	143
12	5395
12	27
12	5021
12	8222
12	7200
12	4656
12	678
12	42
12	1840
12	6196
12	6581
12	7992
12	3274
12	1604
12	4298
12	9295
12	212
12	1502
12	5867
12	9198
12	3186
12	403
12	980
12	251
13	770
13	931
13	2403
13	1346
13	7179
13	17
13	563
13	8894
13	9525
13	26
13	1373
13	3482
13	2335
14	3845
14	2578
14	3222
14	535
14	6916
14	30
14	1697
14	4898
14	1700
14	9924
14	9141
14	5435
14	1603
14	4036
14	470
14	599
14	862
14	6497
14	8163
14	873
14	621
14	1012
14	9077
14	1016
15	896
15	3136
15	6919
15	1802
15	779
15	8465
15	658
15	7956
15	2709
15	25
15	4122
15	29
15	3742
15	6559
15	4769
15	5411
15	421
15	7078
15	7337
15	7978
15	43
15	1452
15	3504
15	305
15	9268
15	56
15	57
15	2490
15	61
15	319
15	1984
15	3595
15	4426
15	6989
15	2383
15	1109
15	7900
15	1760
15	994
15	9361
15	1771
15	2237
15	3184
15	630
15	4345
15	7418
15	9279
15	2685
15	638
15	4565
16	2946
16	1412
16	4297
16	2007
16	79
16	848
16	87
16	8263
16	3737
16	6735
16	3807
16	991
17	6617
17	36
18	1192
18	4996
19	4288
19	5302
19	9803
19	1540
19	118
19	134
19	39
19	5960
19	3977
19	3143
19	6483
19	8071
19	406
19	9952
19	5500
19	4586
19	671
20	1536
20	6787
20	9224
20	6793
20	651
20	1806
20	9746
20	2973
20	2590
20	2480
20	1061
20	48
20	8625
20	4275
20	7582
20	4665
20	9758
20	62
20	1089
20	2501
20	2632
20	5834
20	5580
20	719
20	8785
20	6486
20	5341
20	677
20	9185
20	1634
20	613
20	3560
20	8613
20	626
20	9406
20	7032
20	7551
21	898
21	6946
21	8549
21	1441
21	104
21	1065
21	7474
21	1485
21	4302
21	5869
21	6032
21	1650
21	7716
21	6612
21	9238
21	9881
21	953
21	955
21	2877
21	4190
22	4513
22	5090
22	1764
22	3144
22	2922
22	1932
22	857
23	1188
23	5832
23	73
23	171
23	2987
23	1712
23	4529
23	7637
23	150
23	633
23	795
24	9024
24	99
24	7204
24	46
24	272
24	9720
24	661
24	54
24	3534
24	473
25	233
25	8588
25	7122
25	7797
25	5529
25	3258
25	1118
26	8763
26	6635
26	1288
26	3866
26	526
26	2196
26	405
26	1434
26	1949
26	9376
26	5921
26	3111
26	553
26	175
26	1329
26	6963
26	3381
26	1467
26	5180
26	1481
26	970
26	715
26	7245
26	6222
26	6413
26	8016
26	6609
26	6098
26	9300
26	1887
26	97
26	6844
26	228
26	102
26	7505
26	6120
26	1769
26	4715
26	8461
26	505
26	7420
26	1661
27	65
27	8778
27	197
27	3847
27	876
27	6842
27	6663
27	8487
27	9074
27	2102
27	4396
27	441
27	890
27	6875
27	285
27	510
28	2561
28	1028
28	519
28	3594
28	533
28	4612
28	28
28	32
28	1570
28	2599
28	8029
28	1075
28	3129
28	1088
28	66
28	1607
28	1099
28	1614
28	8279
28	8798
28	5728
28	620
28	5748
28	2168
28	121
28	1146
28	124
28	641
28	9836
28	140
28	9871
28	9363
28	1176
28	157
28	159
28	7841
28	4259
28	5289
28	172
28	1197
28	3249
28	3250
28	1716
28	1208
28	6329
28	9403
28	193
28	1732
28	7366
28	199
28	8393
28	3786
28	2253
28	3278
28	5328
28	120
28	2773
28	1239
28	217
28	1247
28	2273
28	9954
28	7397
28	6268
28	239
28	243
28	245
28	2810
28	3324
28	775
28	3336
28	8979
28	3870
28	8193
28	7462
28	4401
28	7646
28	5950
28	9967
28	6978
28	8929
28	6988
28	3414
28	9563
28	861
28	8033
28	3942
28	7020
28	3950
28	3954
28	8510
28	2424
28	7033
28	379
28	6525
28	7556
28	9606
28	391
28	7063
28	9619
28	5527
28	7151
28	8094
28	1956
28	6058
28	71
28	6060
28	6061
28	3506
28	4022
28	449
28	968
28	6095
28	467
28	2126
28	983
28	987
28	2526
28	252
28	1519
28	5619
28	1530
28	7678
29	963
29	8677
29	6668
29	5074
29	37
30	8067
30	1029
30	8326
30	2695
30	7557
30	8808
30	8370
30	614
30	2191
30	5648
30	8235
30	914
30	2707
30	1428
30	149
30	4249
30	5528
30	2969
30	1562
30	3439
30	2332
30	4765
30	415
30	7330
30	9371
30	2598
30	9596
30	2472
30	8874
30	4267
30	300
30	114
30	5166
30	1327
30	4784
30	2610
30	6771
30	3126
30	1335
30	952
30	2164
30	698
30	443
30	60
30	2491
30	9156
30	1862
30	2488
30	6694
30	4685
30	8525
30	2128
30	1617
30	2515
30	4409
30	92
30	7162
30	2017
30	1251
30	4196
30	101
30	358
30	4839
30	7208
30	3049
30	6631
30	8247
30	7635
30	495
30	6000
30	2545
30	1138
30	627
30	116
30	6134
30	2937
30	250
30	4735
30	5255
30	8797
30	255
31	7427
31	884
31	110
32	5507
32	1287
32	137
32	1418
32	6286
32	6287
32	785
32	2201
32	543
32	802
32	2981
32	8232
32	3356
32	682
32	6064
32	51
32	777
32	1340
32	4746
32	2494
32	191
32	7749
32	1863
32	3157
32	3543
32	7007
32	1248
32	3810
32	3172
32	1893
32	8936
32	8821
32	246
32	1656
33	482
33	3899
33	4356
33	5243
33	7795
33	8458
33	1133
33	3789
33	2323
33	6509
33	571
34	2819
34	9993
34	2833
34	3203
34	6038
34	6873
34	1050
34	6557
34	9120
34	6403
34	5417
34	6318
34	177
34	3253
34	8265
34	4917
34	5315
34	6089
34	9463
34	2639
34	8403
34	5092
34	740
34	7781
34	745
34	3434
34	8854
34	3826
34	1269
34	617
34	1257
34	7166
34	1663
35	9430
35	9121
35	8598
35	4519
35	77
35	3214
35	1039
35	4528
35	398
35	3542
35	5530
35	8667
35	341
36	9985
36	9347
36	644
36	2950
36	3719
36	1032
36	7050
36	5677
36	276
36	4127
36	6829
36	1058
36	1955
36	4644
36	4998
36	8486
36	2929
36	811
36	45
36	6579
36	1721
36	9530
36	7227
36	9281
36	9026
36	67
36	590
36	4567
36	91
36	9436
36	2533
36	1641
36	1514
36	1774
36	2287
36	6768
36	2161
36	8438
36	7544
37	3584
37	1025
37	8194
37	3599
37	4116
37	41
37	8952
37	558
37	47
37	4149
37	2107
37	1596
37	64
37	8769
37	579
37	69
37	4166
37	8779
37	1107
37	1108
37	1110
37	4537
37	88
37	3165
37	3691
37	2156
37	119
37	6778
37	6782
37	8321
37	132
37	1160
37	141
37	156
37	7849
37	3245
37	541
37	178
37	2230
37	185
37	2748
37	2241
37	8900
37	709
37	1226
37	2256
37	1751
37	2776
37	736
37	3811
37	8945
37	1784
37	1786
37	1275
37	768
37	265
37	215
37	4878
37	796
37	2853
37	9216
37	6450
37	3903
37	5444
37	329
37	2397
37	2919
37	3946
37	5995
37	7021
37	366
37	1411
37	8083
37	1433
37	1946
37	412
37	2461
37	3488
37	930
37	5032
37	5034
37	2489
37	5562
37	5053
37	1985
37	9671
37	457
37	462
37	465
37	4050
37	3029
37	9686
37	5082
37	2523
37	8671
37	8672
37	492
37	8687
37	1009
37	7154
37	4595
39	5127
39	3852
39	1005
39	3093
39	538
39	8475
39	3871
39	288
39	5934
39	4915
39	694
39	4663
39	3645
39	2037
39	2240
39	323
39	566
39	6087
39	205
39	472
39	1116
39	5354
39	2029
39	1909
39	831
39	894
39	3733
40	165
40	6716
40	2028
40	685
40	4440
40	2204
41	3242
41	6715
42	8649
42	8838
42	9160
42	4012
42	3375
42	4399
42	5106
42	4364
42	279
42	827
43	4137
44	8646
44	3271
44	905
44	3281
44	7212
44	8080
44	689
44	1334
44	8457
44	2267
44	6526
45	1797
45	4487
45	2876
45	1194
45	4397
45	9837
45	7346
45	3477
45	982
45	8946
45	6042
45	2396
45	2301
46	2977
46	612
46	9061
46	3211
46	142
46	8100
46	1406
47	3296
47	8961
47	4740
47	9060
47	6377
47	9130
47	559
47	6451
47	4820
47	6293
47	1879
47	2649
47	5076
47	1950
47	2911
48	5284
48	1382
48	423
48	7081
48	1963
48	9879
48	431
48	83
48	3349
48	502
48	8793
48	2260
48	8319
48	6399
49	3521
49	1516
49	3822
49	885
49	5269
51	8642
51	676
51	5898
51	4556
51	8366
51	2194
51	310
51	2039
51	6808
51	2684
51	9533
52	1803
52	6671
52	275
52	532
52	1814
52	281
52	3739
52	1312
52	680
52	4138
52	7339
52	2995
52	3124
52	5684
52	5770
52	448
52	1475
52	582
52	6859
52	461
52	1997
52	1621
52	5940
52	5465
52	2907
52	5476
52	5481
52	3179
52	2540
52	8643
52	3824
52	3313
52	371
52	1142
52	7700
52	1021
53	7332
53	6822
53	5031
53	2799
53	1680
53	2262
53	2264
54	3459
55	8968
56	5312
56	1456
56	8680
56	6057
56	557
56	208
56	2676
56	1520
56	4079
56	572
56	7903
57	7808
57	897
57	514
57	2692
57	2826
57	139
57	2062
57	3860
57	2470
57	552
57	6697
57	8363
57	1072
57	1081
57	315
57	1601
57	5449
57	589
57	1870
57	3407
57	5079
57	7128
57	359
57	2159
57	112
57	1662
58	3226
58	3731
58	8794
58	990
59	4041
59	9317
59	7846
59	4679
60	261
60	3080
60	2186
60	1425
60	4884
60	410
60	6554
60	4511
60	1696
60	3623
60	5043
60	181
60	6582
60	956
60	3145
60	1995
60	9167
60	8787
60	4821
60	342
60	2788
60	6241
60	995
60	1508
60	6885
60	145
60	1003
60	6770
60	8212
60	7293
60	1365
61	3073
61	5690
61	6410
61	5891
61	7316
61	1561
61	672
61	1317
61	687
61	5297
61	1970
61	5428
61	8503
61	2234
61	1853
61	705
61	8388
61	2502
61	2514
61	724
61	3798
61	8697
61	89
61	1371
61	5190
61	3933
61	7205
61	96
61	483
61	998
61	9414
61	596
61	2546
61	2934
61	6648
61	2297
61	2938
62	6080
62	2503
62	2152
62	1097
62	460
62	2320
62	5681
62	1141
62	1430
62	6906
62	9275
62	732
62	381
62	574
62	4031
63	9643
63	2741
63	3359
64	8389
64	7974
64	4167
64	945
64	2008
64	8734
65	352
65	5024
65	1314
65	1827
65	4162
65	5157
65	4424
65	5514
65	3575
65	2850
65	9807
65	4592
65	7336
65	7987
65	1045
65	2103
65	1080
65	1209
65	2882
65	957
66	5581
66	2991
66	1394
66	7703
66	4319
67	9152
67	8545
67	9313
67	3467
67	6311
67	520
67	2889
67	1515
67	237
67	464
67	3347
67	8949
67	1047
67	2138
67	1981
68	744
70	5767
70	7340
70	4844
70	1326
70	5807
70	6899
70	2390
71	512
71	1410
71	9092
71	6533
71	6658
71	3095
71	7704
71	4641
71	6308
71	7333
71	3015
71	5805
71	8499
71	6324
71	735
71	9148
71	1735
71	1736
71	6356
71	85
71	9949
71	223
71	9587
71	4837
71	2663
71	2410
71	6891
71	883
71	629
71	5239
71	1405
73	187
73	5181
74	8336
74	2269
74	1996
74	93
75	7626
75	6441
75	122
76	5410
76	1019
77	1636
77	6477
78	100
78	887
81	1892
81	908
81	2085
81	3940
82	7232
83	289
83	1958
84	2336
84	8132
84	295
84	3115
84	1196
84	7988
84	8122
84	127
85	7003
85	2980
85	3430
85	5655
85	1705
85	3690
85	747
85	2956
85	8237
85	113
85	242
85	6035
85	7875
85	919
85	3908
85	5211
85	8017
86	160
86	2439
86	1903
86	3286
86	5304
86	4220
86	8159
87	176
87	610
87	6128
87	1798
87	2113
87	2347
87	7948
87	3751
87	9389
87	2131
87	3479
87	216
87	2778
87	603
87	3239
87	5566
89	5666
89	163
89	9388
89	717
89	7150
89	189
89	195
89	182
89	5657
90	7651
90	9186
90	235
90	3301
90	4850
90	5583
90	818
90	787
90	4533
90	851
91	2689
91	1671
91	650
91	2445
91	9358
91	2575
91	147
91	4892
91	3360
91	9072
91	1579
91	6843
91	9920
91	7178
91	6206
91	4032
91	7361
91	9424
91	721
91	1237
91	7639
91	5478
91	232
91	4201
91	496
91	3006
91	1272
91	3835
92	9859
92	2054
92	8714
92	397
92	910
92	7695
92	7571
92	7831
92	6556
92	7472
92	1189
92	1193
92	7853
92	1200
92	6193
92	2228
92	312
92	1343
92	4802
92	3787
92	849
92	4819
92	8335
92	8412
92	3299
92	3048
92	622
92	1136
92	7665
92	766
92	6007
92	4859
92	1790
92	8703
95	1832
96	3236
96	3622
96	2535
96	2002
96	3961
97	378
97	6126
97	5711
98	161
98	131
98	296
98	6153
98	2391
98	7042
98	1839
98	424
98	1083
98	123
98	509
98	4062
99	941
99	269
99	463
99	4786
99	404
99	665
99	111
99	4063
100	608
100	5348
100	1989
100	166
100	9580
100	9941
100	5815
100	268
100	4445
100	3121
100	7503
100	4948
100	1813
100	247
100	1432
100	761
100	1723
100	2013
100	8229
101	4748
102	5202
103	2881
103	5604
103	3686
103	488
103	2798
103	783
103	5044
103	3255
103	8349
104	1024
104	4450
104	5029
104	7382
104	7735
104	907
104	655
104	726
104	2903
104	2970
104	635
104	3647
106	227
106	8207
106	1677
106	5933
106	8456
106	434
106	4118
106	2968
106	1403
106	8348
107	6705
107	6683
107	692
110	1240
110	9891
110	6085
111	4123
111	8106
111	3213
111	950
112	395
112	6380
112	4975
112	534
112	2263
113	3754
113	2972
113	3151
114	1034
114	2285
114	238
114	6191
114	4147
114	6580
114	725
114	6935
114	8890
114	6267
115	2568
115	9865
115	1167
115	2543
115	8369
115	1704
115	169
115	2091
115	1073
115	3125
115	1592
115	5182
115	450
115	6468
115	1865
115	1619
115	1376
115	996
115	6375
115	5612
115	5487
115	115
115	6260
115	1321
115	5754
116	1568
116	4417
116	4098
116	6115
116	9159
116	3112
116	8234
116	4114
116	302
116	1681
116	2834
116	5682
116	7476
116	5557
116	2486
116	1847
116	5842
116	249
116	5051
117	6016
117	1668
117	1417
117	4618
117	2700
117	4247
117	3869
117	4767
117	3491
117	5030
117	690
117	2099
117	4598
117	1354
117	334
117	1896
117	6763
117	753
117	1278
117	7798
117	9598
119	9652
119	8075
119	4676
119	3243
119	2193
119	7155
119	7892
119	1177
119	8829
120	1739
120	643
120	548
120	2406
120	1478
120	2154
120	407
120	7885
120	2524
120	2155
120	823
120	7417
120	220
120	3518
121	4705
121	1544
121	1644
121	7240
121	2485
121	9302
121	6135
121	733
123	1507
123	8933
123	266
123	986
123	2687
124	674
124	164
124	2666
124	1874
124	565
124	1594
124	283
124	2333
124	6239
125	4103
125	9320
125	6476
125	9331
125	6712
125	1770
126	3176
126	3486
126	2782
126	2038
128	225
128	5699
128	293
128	9053
128	5143
128	1391
128	4272
128	3187
128	9975
128	4855
128	2393
128	8058
128	5915
128	3965
128	3230
128	3743
130	485
130	8273
130	1387
130	6541
130	2704
130	3185
130	6386
130	2867
130	1429
130	2327
130	1018
130	6331
130	2431
131	3204
131	2245
131	231
131	290
131	5330
131	6228
131	6837
131	152
131	7995
131	1884
132	6411
132	5944
132	2296
132	984
132	1341
133	8139
133	2622
134	8354
134	5620
134	4350
136	1282
136	515
136	8327
136	4716
136	8984
136	664
136	4613
136	425
136	4910
136	432
136	2354
136	5431
136	7865
136	186
136	7904
136	4160
136	4033
136	1090
136	5955
136	8774
136	3272
136	5196
136	6863
136	3666
136	1620
136	4183
136	6496
136	1894
136	3687
136	9576
136	6633
136	234
136	236
136	7535
136	4593
136	9977
136	9343
136	1642
136	639
137	7940
137	6280
137	2026
137	5007
137	4881
137	2706
138	1952
138	4448
138	3618
138	517
138	6310
138	3922
138	4366
138	5967
138	530
138	5363
138	3988
138	277
138	2231
138	7161
138	4315
138	316
138	4958
138	501
139	9728
139	7191
139	588
139	1215
140	8267
140	1743
140	6264
140	1170
140	8947
140	4244
140	4726
140	5943
140	5336
140	7741
140	701
140	383
141	1664
141	523
141	2828
141	8077
141	6417
141	274
141	3781
141	2466
141	168
141	1076
141	3894
141	1086
141	2625
141	3653
141	839
141	2768
141	211
141	854
141	1752
141	7514
141	1630
141	1829
141	4066
141	7139
141	490
141	6251
141	2669
141	2415
141	767
142	2658
142	9226
142	5234
142	214
142	6137
142	5593
144	4928
144	6908
144	7510
144	6245
144	8860
144	1256
144	713
144	8970
144	750
144	1615
144	7825
144	2931
144	2677
144	374
144	9097
144	284
145	960
145	1606
145	1190
145	8760
145	200
145	428
145	5552
145	8446
145	309
145	7833
145	2552
145	6361
145	4762
145	7270
145	6142
146	6336
146	6273
147	2145
147	466
147	3364
147	1509
148	864
148	3972
148	1542
148	518
148	8424
148	2668
148	1260
148	632
148	9974
148	248
148	4510
148	8543
149	8998
150	9109
150	6682
150	5423
150	3853
151	8225
151	2566
151	4159
153	207
153	213
153	1494
153	314
153	9916
153	8927
154	7809
154	4232
154	5001
154	6285
154	4622
154	5613
154	5011
154	8724
154	1685
154	8988
154	6306
154	1187
154	3367
154	6568
154	4956
154	3637
154	2121
154	569
154	9914
154	578
154	4548
154	9953
154	585
154	595
154	3932
154	2142
154	7391
154	7265
154	356
154	741
154	743
154	1383
154	3053
154	7933
154	1906
154	7159
154	9620
154	6907
154	1789
154	2558
154	511
155	196
155	5349
155	716
155	2516
155	7031
155	539
156	416
157	737
157	2330
157	1761
157	360
157	3662
157	5203
157	5758
157	346
157	801
157	3582
158	673
158	5956
158	833
158	9000
158	6357
158	1918
159	888
159	9624
159	3171
160	336
160	7049
160	1162
160	8281
161	9889
161	1435
161	6259
161	1351
163	2978
163	4388
163	581
163	6534
163	1001
163	842
163	1585
163	4918
163	5913
163	2875
163	2942
163	4191
165	2560
165	3649
165	4195
165	3654
165	3713
165	1033
165	3037
165	2990
165	2493
165	5443
165	3892
165	7577
165	602
165	636
165	858
166	4306
166	6835
166	5558
166	9519
168	868
168	7629
169	224
169	912
169	7818
169	9345
170	739
170	1640
170	877
170	7406
170	180
170	4091
170	1309
170	3583
172	9664
172	4385
172	4555
172	2020
172	4552
172	3625
172	1707
172	332
172	1549
172	2352
172	2994
172	8469
172	5833
172	7223
172	9146
174	832
174	8449
174	456
174	5594
174	2885
175	2276
175	4007
175	3210
175	401
175	504
175	1820
175	2141
176	5281
176	6870
176	6465
176	2120
176	2988
176	5742
176	6769
176	4053
176	598
176	826
176	3644
176	797
177	1888
177	3585
177	9286
177	1966
177	4369
177	2674
177	2780
177	4158
178	9966
178	9282
178	452
178	774
178	807
178	459
178	3783
178	3921
178	8830
178	1367
178	313
178	3044
178	222
178	3461
179	6732
179	5734
179	230
179	2249
179	5547
179	1388
179	3182
179	414
179	2615
179	3545
179	6139
179	413
179	1182
179	8878
182	8528
182	7412
182	966
182	3617
183	576
183	1616
183	4068
183	3814
183	8897
183	1165
183	527
183	1328
183	307
183	1588
183	3096
183	765
183	5517
185	8053
185	6116
185	453
186	306
186	691
186	7860
186	5365
187	2248
187	1756
187	3401
188	1598
190	1876
191	393
191	1164
191	4237
191	9019
191	7640
191	9907
191	580
191	9124
191	8585
191	6958
191	3507
191	1973
191	8118
191	1545
191	3257
191	7867
191	8893
191	2295
191	8386
191	324
191	7884
191	2122
191	1611
191	1100
191	1613
191	1363
191	7764
191	5433
191	728
191	8410
191	6409
191	7133
191	863
191	3168
191	2657
191	226
191	5987
191	6117
191	2408
191	7918
191	4221
191	1648
191	3667
191	759
191	253
192	192
192	2624
192	6530
192	4709
192	198
192	4104
192	426
192	7595
192	624
192	1787
192	6602
193	1504
193	8248
193	1778
193	6175
194	9396
194	7413
195	2176
195	2849
195	710
195	1130
195	911
195	1043
195	303
195	3114
196	9213
197	2229
198	8297
198	2894
198	751
200	3190
200	1297
201	8576
201	646
203	5723
203	2757
203	8546
203	1044
203	4154
203	475
203	4444
203	1695
205	3362
205	675
205	2312
205	9738
205	1389
205	1101
205	529
205	210
205	8003
205	3861
205	7842
205	8431
206	7175
206	4971
206	9189
206	4102
206	1031
206	4936
206	297
206	9739
206	2251
206	1378
206	1521
206	6584
206	344
206	4922
206	2587
207	4582
207	375
208	2274
208	5094
208	7914
208	5163
208	878
208	2735
208	1587
208	436
209	4274
209	351
210	9057
210	7574
210	5513
210	3371
210	5554
210	8084
210	1622
210	5627
210	6396
212	7394
212	229
212	1548
212	2863
212	9487
212	1939
212	7380
212	2325
212	1623
212	4703
212	2549
214	1917
215	6176
215	1315
215	5532
215	6604
215	3949
215	2574
215	5999
215	6481
215	564
215	9737
215	2811
215	1084
216	2448
216	2899
216	1331
217	1931
218	257
218	1730
218	420
218	4454
218	2465
218	3721
218	9100
218	3246
218	1295
218	1169
218	9779
218	438
218	3385
218	537
218	9791
218	3455
219	6528
219	6504
219	9923
219	3716
219	9926
219	936
219	258
219	5608
219	755
219	6536
219	1112
219	3842
220	8599
220	2317
220	2255
221	5968
221	6113
221	1294
221	271
221	5277
221	3697
221	7485
221	7958
221	2553
221	2845
221	3294
222	2116
222	8694
222	343
225	9750
225	347
225	5797
225	446
226	2835
226	3221
226	3227
226	8608
226	929
226	1307
226	551
226	809
226	1206
226	6968
226	1098
226	586
226	1229
226	2897
226	594
226	2913
226	2539
226	7916
226	338
226	2417
226	758
226	3989
227	291
227	2022
227	5543
227	972
227	2450
227	2356
227	9339
229	1122
229	260
229	4744
229	7018
229	1580
229	3725
229	4398
229	7726
229	3001
229	4004
229	573
229	1054
229	4799
230	7009
230	867
230	8076
230	2063
230	2388
230	921
231	2135
232	8497
232	5307
232	3779
233	9687
234	8896
234	1924
234	402
234	2453
234	791
234	549
234	2605
234	9792
234	2527
234	2368
234	3137
234	1095
234	458
234	6114
234	2896
234	9125
234	1762
234	7014
234	2802
234	3827
234	1119
236	1217
236	9058
236	611
236	5606
236	3997
236	1755
236	1885
238	9635
238	2344
238	5679
238	4148
238	4252
238	5439
240	4206
240	400
240	1362
240	339
240	6549
240	8439
240	8409
240	411
242	1131
242	9309
242	1461
243	6433
243	7522
243	4643
243	9329
243	7985
243	7826
243	4627
243	1013
243	2331
244	7428
244	4173
244	2771
244	3795
244	2871
244	282
244	6043
244	1210
244	933
245	392
245	508
245	938
246	1000
246	1011
246	5864
246	5129
247	8329
248	5282
248	429
248	6846
249	6759
249	8105
249	556
249	8656
249	1961
249	3162
250	8289
250	7426
250	8454
250	5704
250	7498
250	7659
250	4697
251	3041
251	3919
251	365
251	3620
252	7493
252	489
252	619
252	3023
252	784
252	4180
252	1975
252	3672
253	1408
253	3394
253	9994
253	5890
253	4334
253	8981
253	695
253	4639
254	5565
254	9101
255	2215
255	8168
255	7410
255	4277
255	828
256	8006
256	3881
256	335
256	656
256	5309
256	893
256	1214
256	6277
257	3937
257	1325
260	3395
260	1052
260	958
260	9335
261	2976
261	3380
261	2714
261	5261
262	521
262	298
262	326
262	262
263	7779
263	3970
263	5042
264	3525
264	1702
264	615
265	2592
265	2050
265	8617
265	337
265	5429
265	3321
265	8987
265	2917
266	1290
267	2212
267	422
267	1609
267	9042
267	5781
268	8000
268	922
268	4517
268	1071
270	1491
270	5661
270	454
272	881
272	9022
272	4822
272	5519
274	992
274	5056
274	6866
274	4331
275	769
275	2754
275	1220
275	6156
275	3730
275	5107
275	278
275	377
275	1212
276	4420
276	1042
276	4029
276	2366
276	1503
277	3720
277	593
277	4707
278	1027
278	4848
278	2541
278	7269
279	1017
279	2259
279	778
280	5851
280	6371
281	363
282	2402
282	7876
282	325
282	872
282	4585
282	1744
282	1064
282	340
282	1079
282	2941
284	1392
284	3200
284	1676
285	752
285	3149
286	1578
286	866
286	3671
286	7288
286	317
286	5503
287	8578
289	1171
289	3526
289	2286
289	1014
289	8153
289	829
290	2252
291	7377
292	3075
293	4683
295	6338
295	1379
295	4825
295	1610
295	560
295	8251
295	1810
295	6003
295	916
295	2713
295	7192
295	8378
295	2235
295	476
295	9661
295	5982
295	7173
296	3546
296	8867
296	8040
296	4300
296	5914
296	1036
296	354
296	3000
296	9218
296	1720
296	474
296	730
298	1007
299	7051
299	727
300	3877
300	367
301	2476
302	4657
303	545
303	8515
303	5809
303	9394
303	6652
304	7136
304	4466
307	9847
307	2306
307	487
307	4489
307	906
307	9815
307	9229
307	7501
307	3118
307	1455
307	8690
307	499
307	2324
307	5625
307	5418
307	4541
309	640
309	3728
309	9731
309	8964
309	1957
309	3319
309	5293
309	974
309	688
309	6848
309	1303
309	634
309	8639
309	1532
309	3231
310	2787
310	8310
310	3207
310	2217
310	6151
310	2893
310	1556
310	1174
311	8553
312	3368
312	1380
312	6443
312	4636
313	2146
314	5988
314	4842
314	6962
314	7662
314	9456
314	3122
314	7172
314	607
315	5472
315	7141
315	318
316	5073
317	3801
317	6010
318	859
318	5796
318	2727
318	5105
318	1202
318	4823
318	3643
319	9027
319	455
319	5705
319	657
319	9539
319	409
319	1818
321	6302
321	494
321	813
324	1313
324	7822
327	4480
327	4724
327	2837
327	8846
329	1857
329	3120
329	9559
329	2047
329	8255
330	1384
330	500
331	1261
331	5641
332	9473
332	1699
332	6724
332	5637
332	4410
332	1567
333	1123
333	4260
333	711
333	3561
333	7690
333	2123
333	2380
333	9805
333	9732
333	3088
333	5009
333	3314
333	4120
333	4292
333	1951
334	386
334	6071
334	7895
334	4506
334	7005
335	7705
335	7378
336	5088
337	4717
337	9438
337	6213
338	609
339	4620
339	9676
339	3663
339	4435
339	5821
340	8385
340	8674
340	7239
340	2281
340	9655
340	5294
340	3951
340	3536
340	4689
340	3337
340	9240
340	507
340	5276
340	4474
340	9756
341	6912
341	478
342	7685
342	712
342	1577
342	3370
342	4112
342	1553
342	9989
343	5440
343	2334
343	4389
345	1728
345	7616
345	3941
345	7398
345	7559
345	814
345	9565
345	7680
345	6200
345	8573
345	4223
347	2160
347	2437
347	542
347	7089
348	2409
348	618
348	8977
348	2697
349	9852
349	886
349	5311
350	8485
350	4866
350	2772
350	9398
350	4092
350	5342
351	4483
351	1369
352	5057
352	5383
352	605
352	1793
353	3064
353	794
353	1117
354	408
354	699
354	5301
355	389
355	3489
355	3848
355	4240
355	1298
355	5951
357	8876
357	2482
357	4596
357	7834
357	4379
357	6878
357	575
358	4262
358	967
358	364
358	9614
358	9304
358	1627
359	1158
359	1161
359	2190
359	3215
359	4630
359	1943
359	4634
359	4891
359	7855
359	1843
359	437
359	5385
359	447
359	6081
359	7107
359	9036
359	6104
359	7906
359	5219
359	5366
359	8190
360	4868
360	628
360	5463
361	5139
361	604
361	4461
361	9246
362	8253
362	1147
362	8250
362	4543
363	4875
364	2648
364	3920
364	9754
364	388
365	1672
366	6304
366	8288
366	1218
366	2627
366	6532
366	5908
366	2519
366	9501
366	3806
368	1794
368	2577
368	1683
368	6427
368	1564
368	5533
368	6049
368	2594
368	9820
368	4017
368	2226
368	6067
368	2874
368	1342
368	5453
368	1486
368	6359
368	988
368	4702
368	2401
368	6884
368	6931
369	4084
370	1867
370	4390
370	7496
370	3945
370	875
370	440
370	3402
370	1886
371	1249
371	7469
371	6429
371	2962
371	8757
371	666
371	7325
372	903
373	2068
373	1302
373	1102
374	2993
374	3855
375	760
375	7817
375	4794
376	5102
377	1632
377	6690
377	9059
377	8043
377	812
378	2945
378	879
378	5812
378	9237
378	729
378	591
378	4989
379	700
379	9586
380	8004
380	668
380	8351
381	805
381	999
381	7816
381	3627
381	493
381	3790
381	3343
381	6097
381	7666
381	660
381	7950
381	2487
382	5326
384	1795
384	679
384	6229
384	5847
384	6618
384	7324
384	1983
385	1152
385	4577
385	3794
386	3540
387	7523
389	4608
389	714
389	3154
389	1703
391	1286
391	9771
391	7757
391	5135
391	7701
391	6138
391	3279
392	1602
392	9062
392	5673
392	9647
392	1173
393	7740
393	1557
394	584
394	7041
394	8059
395	2797
396	1409
396	2018
396	3077
396	6118
396	7508
396	4231
396	2572
396	1453
396	2510
396	399
396	6160
396	6130
396	3604
396	8702
396	855
396	9848
396	2809
396	3550
396	2271
397	3344
398	480
398	4713
398	6491
398	7599
399	6079
400	7488
400	4662
401	2467
401	1477
401	7431
401	7468
401	1898
401	5484
401	430
401	5875
401	9353
401	2073
401	4991
401	4668
401	3999
402	706
403	2921
403	2250
404	554
404	1268
404	3994
404	7414
407	5691
409	435
409	1271
410	9832
410	2012
410	647
411	4484
411	8423
412	865
412	686
412	2895
412	786
412	5559
412	9785
412	3133
412	1183
413	7203
415	7392
415	417
415	4872
415	9453
415	6164
415	442
415	3740
416	7364
416	971
416	516
416	742
416	1035
416	2349
416	1460
416	5589
416	7129
416	1306
416	8244
417	4625
419	3040
420	2752
420	3267
420	959
421	1350
422	5194
422	8636
423	6480
423	5131
423	748
425	1252
425	3980
425	4793
425	2879
425	1060
426	592
426	659
426	8099
427	544
428	1825
428	1891
428	1231
428	8018
428	7672
428	5020
430	704
430	1920
430	803
431	481
431	835
431	6172
431	9603
431	1139
431	540
432	683
432	5452
432	3277
432	782
433	7784
433	1527
434	4739
435	5187
435	4733
435	1998
435	4425
436	9333
436	9134
436	1096
436	9065
436	6190
436	5256
436	2322
436	4469
436	9566
436	8607
438	7760
438	738
438	3862
438	5224
438	874
438	684
438	5870
438	1359
438	4816
438	4019
438	2900
438	1942
438	8889
438	445
438	4805
440	9250
442	9609
442	731
442	3556
442	6853
442	1299
442	1225
442	3581
442	9554
442	8941
442	9908
442	1565
442	9458
442	899
442	5339
442	6965
442	2326
442	6921
442	5273
442	891
442	947
444	7738
448	3456
448	9364
448	806
448	838
448	2953
448	9774
448	977
448	2550
448	2681
448	4314
448	670
449	6262
449	9503
450	1137
450	468
450	1149
450	943
451	4335
451	2617
451	1087
451	4693
452	546
452	8362
452	2923
452	5101
452	5946
453	7034
454	3985
454	1062
454	1479
454	4360
454	8535
454	524
454	2477
454	1489
454	531
454	2455
454	3451
454	7004
454	9054
454	895
455	1128
455	6223
455	1974
456	7529
456	1059
456	3991
457	2859
457	7167
458	6791
459	904
459	9076
459	1285
459	6990
460	4386
460	8331
460	2532
460	3046
460	6312
460	5930
460	1163
460	3021
460	1582
460	722
460	2478
460	2105
460	5279
460	8508
460	3317
461	8421
461	1125
461	5708
461	3084
461	7109
461	1775
461	8176
461	3891
461	3128
461	3348
461	2298
461	2607
461	892
461	1053
461	3365
462	8604
463	1450
463	9868
463	3188
463	8951
463	5592
464	3012
464	8669
465	5665
465	2404
465	1390
465	7801
465	570
465	3612
465	8509
465	9630
469	6449
469	3311
470	1926
470	7872
470	1469
471	836
471	6930
471	7733
471	7736
471	6654
472	707
472	5798
474	1228
474	8151
475	3744
475	6407
475	8999
475	4085
475	3004
476	7074
476	5231
476	9948
477	7887
477	4503
478	6680
478	1747
478	4580
479	2481
479	1385
480	702
481	4736
484	7163
484	491
484	6045
484	6119
485	1347
485	1221
486	8708
486	1236
488	6849
488	1030
488	2728
488	6076
488	2796
488	3821
488	623
488	913
488	2902
488	503
488	5880
488	3769
488	5404
488	4861
489	1665
489	5763
489	2759
489	7504
489	7667
490	5896
490	1067
490	869
494	1968
494	547
494	669
496	5680
497	5768
498	2242
498	8675
498	2631
498	616
498	4490
498	4080
498	4660
498	8309
498	8631
498	5652
499	5408
499	2150
500	856
500	708
501	7603
501	8028
501	8187
502	3393
502	3331
502	649
502	2890
502	7852
502	4307
502	5493
502	1526
502	1783
502	8922
502	9909
503	2376
504	1904
505	6601
505	6895
505	1175
506	2643
507	4642
507	5003
507	5510
507	5095
507	3976
507	681
507	3083
507	8939
507	5072
507	8434
507	1737
507	2428
508	800
508	962
508	5062
508	4966
508	9492
508	7692
508	525
508	5393
508	9108
508	2711
508	3224
508	1305
508	7069
510	8731
511	3105
511	9733
514	6240
515	4706
515	964
515	1766
515	2003
515	4309
516	5036
516	1296
516	7857
516	4058
516	6972
516	1310
517	5672
518	5520
518	9800
518	3199
520	5010
520	788
520	4526
520	5639
522	1134
522	577
523	8320
523	6898
523	6325
523	4887
523	2328
523	8283
523	4734
525	3624
525	3907
525	4287
526	1633
526	6065
527	8257
527	7810
527	3589
527	4901
528	7360
528	1443
528	6596
528	1800
528	600
528	5886
529	1267
530	889
530	652
530	5553
531	5577
531	2928
531	8628
531	4155
531	4349
532	954
533	4372
533	1333
533	5646
533	3533
538	2338
538	7114
538	5167
538	1396
538	3702
538	1658
538	9341
539	5060
542	2080
542	7499
542	5757
543	3696
543	1203
543	6243
544	561
544	7229
544	1569
545	2239
545	4430
546	8885
547	645
548	932
548	8678
548	1094
548	8583
548	8136
548	4016
549	1451
549	8436
549	2554
549	4498
551	1792
551	642
551	648
551	780
551	4367
551	3473
551	6418
551	4557
551	1051
551	4382
551	3104
551	5155
551	5414
551	1576
551	8242
551	1971
551	9783
551	1733
551	5961
551	1483
551	7896
551	1506
551	1871
551	4563
551	3669
551	1496
551	4575
551	5089
551	6903
551	1407
552	4653
552	6641
555	6752
555	5526
555	3809
556	1121
556	6082
556	4900
556	8966
556	5066
556	2061
556	2766
556	6701
556	720
556	1398
556	4504
556	8111
556	6288
557	7721
559	3621
559	860
559	9201
559	2517
559	1660
560	3523
561	2244
561	6981
561	8872
561	6027
561	6545
561	9812
561	790
562	7980
563	6928
563	2093
563	2192
563	5721
563	1113
564	3330
564	4675
564	772
564	1253
564	7244
564	1546
564	4108
564	1010
564	1490
564	1427
564	8915
564	8266
568	6824
568	8529
568	3202
568	1006
570	3312
570	3447
570	2289
571	1954
571	2659
571	5737
571	7627
571	5324
571	1423
571	816
571	1873
571	1106
571	723
571	8311
572	8912
573	1960
573	2779
573	6734
573	8567
574	3334
574	2036
574	3038
574	5017
574	7198
575	4230
575	6986
575	3164
575	5789
575	830
575	1471
576	4905
576	1673
576	3757
576	1492
576	3063
576	6620
576	1791
577	4002
577	3692
577	1905
577	7699
577	7061
578	1824
578	762
578	2678
578	6775
579	2496
579	8391
579	9546
579	6774
579	1851
579	1822
579	4325
580	1972
580	4661
581	1233
581	4985
582	3528
582	9071
582	3474
582	2646
582	3159
585	6018
585	2310
585	6666
585	1038
585	5745
585	2175
586	2089
586	9267
587	5212
589	7528
589	1292
589	1534
589	8009
590	1480
591	7040
591	934
591	2183
591	3886
591	4527
591	4144
591	6684
591	7742
592	8953
593	8978
593	4742
594	5993
594	8285
595	4458
596	2507
596	8428
596	3759
596	944
596	9649
596	9682
596	3196
597	2025
597	1259
597	2223
597	3192
597	2652
597	5983
599	7644
599	1781
599	4893
600	2181
600	1897
600	6670
600	2513
600	7252
600	5230
601	1512
601	4299
601	6230
602	5773
603	1353
603	749
603	4486
604	6514
605	1976
605	5048
605	1669
606	1776
606	961
608	2914
608	3557
608	3335
608	7919
608	9264
608	1493
609	3764
609	1324
609	1422
609	4089
610	9602
612	4903
612	654
612	9808
612	1332
612	5111
612	7124
612	7125
612	1759
613	2023
613	5384
613	5743
613	8552
613	1842
613	5075
613	8280
613	3706
613	6511
613	8956
614	1352
615	4581
617	2425
618	9306
618	4564
618	4439
618	8632
618	1145
618	6298
618	2205
619	8408
619	7446
620	6421
621	7181
622	5477
622	1734
622	8183
625	8861
625	3510
627	2305
627	4052
627	5369
628	8869
628	4073
628	2698
628	1078
628	1852
629	7617
629	3396
629	5039
629	1395
629	7983
629	7580
630	2952
630	4492
630	5333
630	663
630	7768
630	8477
630	927
631	9158
633	6025
633	7123
633	6036
633	5050
633	6300
634	3873
635	6132
635	6869
636	2011
636	1653
637	2144
637	771
637	804
637	1991
637	2321
637	1571
637	4931
637	7647
637	2202
637	2427
637	1727
638	662
638	2982
638	2475
638	3830
638	4251
640	3057
641	5907
642	6276
644	6217
644	3418
644	5291
645	2211
645	4342
646	2781
648	5953
648	2436
648	2407
648	5288
648	1833
648	1227
648	8940
648	915
648	2868
648	3445
648	5238
648	5267
648	4979
648	5818
648	5214
651	6944
652	2079
654	1690
654	5615
655	1442
655	5316
655	773
655	8810
655	4136
655	1234
655	5204
655	2170
659	6625
659	5858
659	3268
659	1462
659	2888
659	7177
659	7588
659	5992
659	2806
659	793
659	6205
661	9555
661	763
661	4332
664	1281
664	8715
664	2438
664	7097
669	1230
669	3304
669	3934
669	926
670	8481
670	2829
670	6109
671	5249
671	4293
671	4200
671	7722
671	4694
671	2423
671	2718
672	6440
672	9242
672	7277
673	8993
673	1986
673	1255
673	2133
673	7899
673	7390
675	2930
675	837
676	2147
676	2948
676	1574
676	5197
676	4671
677	6184
677	2097
677	2786
680	7102
681	2084
681	8520
681	6861
681	2275
681	8026
681	2623
681	1277
681	4351
684	6211
684	1608
684	3563
684	6610
684	946
684	1364
684	4153
684	5052
684	2078
684	4479
685	5549
686	7715
687	6498
687	9028
687	1637
687	9532
687	815
687	917
687	2300
688	1473
688	948
688	8041
691	7893
692	1216
692	3019
692	1591
692	6508
692	8398
692	2032
692	5588
692	2905
692	825
692	3771
692	9788
693	8611
693	3350
693	2246
693	1191
693	6343
693	3586
693	7792
693	7858
693	3990
693	7878
693	4540
693	7262
694	9235
695	7889
695	7279
695	1105
695	1590
695	7359
697	3240
697	1612
697	6797
697	5584
697	1586
697	1782
697	4218
697	1438
698	3752
698	1370
700	3465
700	5511
701	5346
701	9314
701	5515
701	3106
701	1074
701	1401
701	3071
702	8401
702	3060
702	6214
703	9338
704	2153
704	6738
705	5761
705	1757
705	757
707	8568
707	4772
707	5509
707	7879
707	817
707	5813
707	2052
707	4602
707	6075
708	3440
708	1284
708	1468
708	8659
711	9088
711	9905
713	2583
714	2129
714	3538
714	6667
714	4449
715	1120
715	4651
715	3959
716	7718
716	5382
716	4135
716	1929
716	4011
716	6351
716	5206
716	2057
719	1600
719	3817
722	1510
722	6471
722	3564
722	6415
722	3573
722	1179
722	8892
722	4605
723	3981
723	3254
723	6487
723	3032
723	7389
724	880
724	4044
724	2468
724	6613
725	6305
725	8113
725	5667
725	7463
725	9512
725	939
725	4018
725	2512
725	3960
725	7632
725	3541
725	1048
725	6938
725	7772
727	1056
728	1919
729	1323
732	9374
732	6890
732	2270
734	1093
735	1470
736	3326
737	4719
738	7284
738	2588
739	808
739	3923
739	5756
740	3392
740	4678
740	781
740	5337
740	1880
740	2233
740	6975
740	5599
742	1153
742	5355
742	2854
742	7143
742	4169
742	6250
742	3947
742	1336
742	1746
742	9397
742	1046
742	2935
742	2136
742	3680
742	6586
742	9210
742	9545
744	7634
744	6461
745	9764
746	900
746	1511
747	3466
748	4429
749	3505
749	8906
749	9749
752	7654
752	6379
752	975
752	1626
752	6303
754	4547
754	8740
754	1738
754	1037
754	1844
754	2293
756	3306
756	2143
756	4106
756	1678
757	776
757	920
757	2420
758	3010
758	5119
759	2114
759	1868
759	3918
760	3458
760	2167
760	5634
762	5769
762	4611
762	9205
762	4406
763	8719
764	7048
764	7211
766	3433
766	9491
767	3480
767	5755
767	7783
767	1495
768	9743
769	6051
769	2884
769	9259
769	6194
769	789
769	9348
769	6398
770	4090
770	1539
770	9029
770	2261
771	1265
771	1399
773	2433
773	9349
773	4658
773	5843
773	1172
773	1593
773	8602
773	5819
774	2947
774	8554
774	5228
774	8142
774	2452
774	1749
774	2394
774	5147
776	6669
776	847
777	1715
777	5093
777	1693
777	1807
779	2257
779	7100
780	7911
780	3189
780	6086
781	1846
781	6345
781	9297
781	6066
781	6964
781	4310
782	9584
782	8149
782	821
782	1575
783	2315
783	8117
785	1082
786	7968
787	1008
787	8747
787	9310
787	4967
788	1040
788	7546
788	8786
788	3175
789	976
789	1414
789	3247
790	5448
790	1812
790	5668
791	7075
791	2426
792	1264
792	1930
792	3587
793	5061
793	2071
795	1154
795	1925
795	3079
795	8592
795	1041
795	4756
795	1819
795	5023
795	4899
795	1319
795	810
795	2997
795	1339
795	4669
795	1856
795	8516
795	841
795	5213
795	7902
795	1377
795	2665
795	6951
796	4067
796	9636
796	1126
796	9778
796	5647
796	882
796	5715
796	5524
796	2042
796	9947
798	6224
798	2119
798	4110
798	5936
798	7416
798	3708
801	6905
801	1115
801	4886
801	8430
802	6737
803	4355
803	1605
803	840
803	1869
803	1651
803	4276
803	2872
803	5306
803	9083
804	5899
804	6967
805	1745
805	3517
806	4185
806	2180
807	8536
807	2221
807	1198
810	2027
810	1449
810	4171
810	7532
810	7534
810	6991
810	3153
810	1560
810	9118
811	2372
811	2534
811	9161
811	1866
811	6317
811	3741
811	7408
811	5937
811	2715
811	3453
812	4087
812	7350
812	3935
813	2744
813	5878
814	1291
815	6257
815	1816
815	2041
815	8220
815	9470
816	3905
816	843
816	3354
817	7072
817	5371
818	923
819	2618
819	8210
819	1589
819	9594
819	1882
820	9511
820	6263
821	3419
821	2636
821	4590
822	7739
822	2620
823	8400
823	2596
823	3782
823	2127
823	1104
823	5169
823	978
823	2195
823	7743
823	3135
823	1023
825	1635
825	2536
825	1421
825	2157
825	8623
826	6918
827	4161
827	3684
827	1349
827	4493
827	1674
828	3384
828	7353
829	985
831	9112
831	9078
833	3593
833	1103
834	4119
836	7864
836	4865
837	9670
837	9383
837	6249
837	1841
837	8274
837	852
837	8152
837	1242
838	1584
838	1114
838	3323
838	844
842	9875
843	5409
843	5675
843	1135
843	2680
843	3353
843	3868
844	6393
845	1184
845	2115
845	9119
845	5071
846	8164
846	2790
846	846
847	2556
847	2309
847	1799
848	1066
848	5629
848	5189
848	1207
849	937
849	9610
849	1987
849	7246
850	6960
851	2474
851	1454
852	1953
852	3282
852	2547
852	5396
852	3992
852	9241
853	5893
854	3426
854	3812
854	2760
854	2158
854	5901
854	2641
854	1522
854	9762
854	3292
855	8558
859	4531
859	8091
860	3656
860	4168
860	6653
862	3974
863	8676
863	9798
863	5110
864	2785
864	3939
865	2691
865	1070
865	5590
865	8664
865	1311
867	3163
867	5958
867	5782
867	1159
869	1988
869	2429
870	5872
870	3011
870	2662
870	1902
871	7079
871	1864
871	1554
871	4951
871	924
871	7934
871	9631
872	1464
872	2971
872	1740
872	4394
873	1022
874	3269
874	5801
874	1258
874	5422
874	2000
874	2387
874	5784
874	1994
874	8581
875	5259
875	8429
876	3984
876	1666
876	7450
876	2214
877	9653
878	4791
878	1910
878	2927
879	1091
879	6244
879	2951
879	8560
879	9745
879	1625
880	2342
880	1927
880	4008
880	4814
880	3857
880	5942
880	6589
880	5022
881	7233
881	3836
882	1875
882	6367
882	3119
884	1899
884	9450
884	951
885	5924
885	925
887	6272
887	6414
887	4755
887	1838
889	9793
889	2563
889	3332
889	902
889	973
889	6574
889	7341
889	2371
889	1687
889	4932
889	8858
889	6108
889	8729
892	2944
892	3664
892	9708
893	9507
894	4128
894	5892
894	9629
894	8635
894	6301
894	5534
895	3755
895	4246
896	6818
896	3859
896	1597
897	7268
897	7909
897	6550
897	5469
897	2238
898	1547
899	1979
899	2979
899	2634
899	7298
900	901
900	3463
900	5323
900	8278
900	1815
900	2111
901	4460
901	4243
904	3912
904	6332
904	7997
904	5287
905	8262
906	5856
906	4046
906	4681
906	5614
906	9684
906	4597
906	1049
907	1124
910	3628
910	7169
911	1944
912	9182
913	2374
913	8208
913	918
913	3641
913	1531
915	7771
916	3383
916	1322
916	2059
916	8848
916	4691
916	1111
916	1688
916	3454
916	2655
917	1826
917	2628
917	1445
917	8521
917	4354
917	2637
917	8750
917	1266
917	7507
917	4365
917	4570
917	3885
917	1245
919	2769
920	3248
920	8323
920	4455
920	2542
920	1232
920	8626
920	8119
920	6877
920	5375
921	5070
922	1244
922	6077
923	2954
924	7848
926	3900
926	3462
927	8777
928	2832
928	5334
929	9089
929	7106
930	3800
930	1563
930	6335
931	3237
931	2479
931	3856
931	1144
931	4217
931	3642
935	8008
935	4069
936	3422
936	2350
936	9679
938	3874
938	4771
938	1092
938	3273
938	1195
938	5609
938	8555
938	1788
939	7969
939	2341
939	4934
939	9543
939	8780
939	7693
939	2031
939	9552
939	6578
939	1555
939	1143
939	2746
939	7215
941	6851
941	1459
941	1901
941	6238
941	2463
942	6656
942	6255
942	3597
942	2957
944	1643
944	1132
944	6608
944	1618
944	9464
944	5753
944	5338
944	1148
944	6591
946	9740
946	6634
946	2693
946	1055
948	1280
948	3777
948	5232
948	5568
948	3607
948	8512
948	9694
948	2015
949	5996
949	6167
950	3890
950	9902
950	3262
951	1344
951	1830
951	1002
951	2096
951	6069
951	3674
951	8284
951	4829
952	2094
952	1476
952	965
952	6507
955	5863
955	1068
955	5270
955	5912
955	2843
957	4835
958	2377
958	5045
958	2537
959	4096
959	1026
959	1667
959	8204
959	4939
959	5388
959	3572
959	8181
959	1559
959	4984
959	5373
961	9599
963	4594
963	9692
963	4647
965	1419
965	8364
965	3470
966	2110
967	3438
968	6857
969	6726
970	9485
970	1765
970	1199
971	6394
971	3372
972	5185
972	8685
972	2855
974	6506
974	3703
974	6982
974	3629
976	9882
976	8571
976	3717
978	8704
978	1967
978	8433
978	2006
978	5848
978	3417
979	1063
980	8466
980	8467
980	3677
981	4648
981	6404
981	1692
981	8530
988	1940
988	1238
988	3471
989	2904
989	1777
989	6236
989	5193
990	5560
990	6124
990	3986
990	1742
991	4225
991	9138
991	5508
991	7025
992	7520
992	1729
992	6961
992	3724
992	2188
992	7119
992	3409
992	8505
992	1529
992	4957
993	5173
994	5120
994	6147
994	7303
994	6828
994	9523
994	3098
995	4071
997	3027
998	2272
998	3170
998	1768
998	8394
998	3276
998	2189
998	1426
998	2520
998	3519
1000	7709
1001	2082
1001	1773
1003	1185
1003	3749
1003	9217
1003	3753
1003	3660
1003	4124
1003	2351
1003	3472
1003	7220
1003	6358
1003	3735
1003	1465
1003	6444
1003	2651
1003	9049
1003	9662
1006	5922
1006	7351
1007	6340
1011	7216
1011	1482
1011	2943
1011	2207
1014	1472
1015	1213
1016	6876
1017	2074
1017	5618
1019	2530
1019	1413
1019	8895
1020	2072
1020	1947
1020	2932
1020	2813
1022	4042
1022	7989
1023	6107
1024	8563
1024	1889
1024	3333
1024	8073
1024	3659
1024	8493
1024	3374
1024	7379
1024	1077
1024	2847
1025	8014
1027	6893
1029	2209
1029	3651
1030	6643
1030	1300
1031	7185
1031	5859
1031	4692
1032	3020
1032	8172
1032	3201
1033	9809
1033	5602
1034	8411
1036	2045
1036	1638
1037	7260
1039	1992
1039	5134
1039	4616
1039	2742
1039	2398
1040	8796
1040	1273
1041	1320
1041	1518
1042	1912
1042	5729
1042	2770
1043	2613
1044	4787
1045	8324
1045	8644
1045	2185
1046	3169
1046	1670
1046	9864
1046	8270
1046	5938
1046	8596
1046	4344
1047	4811
1048	3906
1048	2597
1048	3975
1048	1224
1048	2603
1048	8140
1048	4655
1048	1928
1048	7941
1048	9526
1048	7575
1048	3034
1048	2844
1048	6373
1049	6226
1049	3485
1050	1404
1051	9096
1053	9850
1055	5098
1055	9126
1056	1250
1056	4972
1056	3340
1056	1779
1056	1140
1056	1400
1056	1533
1056	3358
1057	2920
1057	6041
1057	1318
1062	8256
1062	1499
1063	7552
1063	3553
1063	7283
1063	6145
1063	9637
1063	6790
1063	4209
1063	9256
1063	2765
1063	4944
1063	4273
1063	7070
1063	7037
1063	5278
1063	9669
1066	1283
1066	2187
1066	8302
1066	1525
1066	8025
1066	4730
1066	1372
1066	1725
1067	7209
1067	3406
1067	6141
1067	7306
1067	3327
1068	4281
1068	1796
1069	2940
1070	8027
1073	1646
1076	4316
1076	3834
1076	3076
1077	2593
1077	2822
1077	4518
1077	6920
1077	5489
1077	3223
1078	5810
1078	7234
1079	7000
1080	6178
1080	5828
1080	5894
1080	6888
1080	6548
1080	5775
1080	5268
1080	7253
1080	1528
1080	6292
1080	1583
1081	3140
1081	9194
1081	9583
1081	4760
1081	1374
1083	7356
1083	6517
1084	3750
1086	3626
1086	5719
1087	2389
1088	7922
1089	3952
1089	4303
1090	9710
1091	4113
1092	4619
1092	2538
1093	7264
1093	9757
1094	4343
1095	3244
1096	5902
1096	2865
1096	1654
1096	6585
1096	2555
1096	9469
1097	5765
1098	2049
1099	4384
1099	9012
1099	1714
1100	1691
1101	3778
1102	1631
1103	2883
1103	1573
1103	3632
1103	2385
1103	8277
1103	1431
1104	6681
1105	5064
1105	5496
1105	9829
1106	3457
1106	9079
1108	2528
1111	9761
1111	3297
1111	7975
1111	7847
1111	7827
1111	7221
1112	5290
1113	1330
1114	2337
1114	2210
1114	1254
1114	5319
1114	3435
1114	1357
1114	4569
1114	1659
1114	8318
1114	9122
1115	8272
1116	4913
1116	2359
1116	4806
1118	3074
1118	5041
1118	8050
1118	7576
1118	1599
1119	2864
1119	1537
1119	1551
1119	1447
1120	2421
1121	1657
1122	1308
1123	4929
1124	5460
1124	5406
1124	2087
1125	9168
1126	5632
1126	7355
1128	5610
1128	8709
1128	5877
1129	4081
1129	3598
1130	1823
1131	8823
1131	2051
1131	1834
1131	1151
1133	2608
1133	1348
1133	1645
1133	4638
1134	4434
1134	1754
1135	3233
1135	3714
1135	4005
1135	8622
1135	9296
1135	6645
1135	1178
1135	1150
1135	3551
1136	1440
1136	3616
1136	7451
1136	5732
1136	4233
1136	1811
1136	4501
1136	1595
1138	7294
1138	2458
1138	3710
1139	7596
1139	1948
1141	2044
1141	3045
1142	6314
1142	2318
1142	3863
1142	9432
1142	4574
1145	2745
1145	1911
1146	9840
1149	1763
1152	6102
1154	1538
1154	3035
1154	3464
1154	1355
1154	3026
1156	2203
1156	1366
1158	4610
1159	2816
1160	9067
1160	2764
1160	9294
1160	5776
1160	3602
1160	3797
1162	2365
1162	4534
1162	7149
1163	8036
1163	2010
1163	2611
1164	1168
1164	1649
1164	9181
1165	7126
1167	9005
1168	8228
1169	3936
1169	3882
1169	1758
1170	2626
1170	9188
1170	4549
1170	2471
1170	3688
1170	8938
1170	5209
1170	4982
1170	1718
1170	2551
1170	1785
1170	3578
1170	2750
1171	3310
1172	6529
1172	9965
1174	4443
1176	3634
1177	4856
1177	4833
1177	4086
1178	6227
1180	3194
1180	4371
1180	4428
1180	6522
1182	9081
1182	2564
1183	3825
1185	3428
1186	6180
1186	6661
1186	2825
1186	5260
1186	8021
1186	4278
1186	7036
1186	4189
1187	3452
1187	9043
1187	2732
1189	3066
1190	2139
1191	7096
1192	5984
1195	4451
1195	3420
1195	3218
1195	9373
1197	4482
1201	6424
1201	7756
1203	1360
1203	1386
1203	9066
1209	1872
1209	1722
1209	9178
1209	3366
1210	6915
1210	8773
1210	7946
1210	6092
1210	7261
1212	1753
1212	7615
1213	7971
1213	6019
1213	8835
1214	2178
1214	4963
1214	2345
1214	2346
1214	5058
1214	5359
1214	1808
1214	1301
1214	2166
1214	4617
1214	7673
1214	1883
1214	7789
1215	6073
1216	2656
1216	4864
1216	5251
1216	5480
1216	6157
1216	2992
1218	1466
1220	2688
1221	5080
1221	7134
1222	7280
1222	5969
1222	2915
1222	1999
1224	8524
1225	5857
1225	4324
1225	9480
1225	7882
1225	3791
1225	2288
1225	1854
1225	8522
1225	3069
1225	4318
1226	4074
1228	4927
1228	2791
1229	1416
1230	1541
1231	3173
1232	4795
1232	1262
1234	8305
1234	9538
1234	2292
1234	2989
1236	9753
1237	6136
1237	3995
1237	5710
1238	5450
1239	1709
1239	9431
1240	4323
1240	8180
1240	7959
1241	5136
1241	8182
1241	2815
1242	4536
1244	1498
1244	8629
1245	9016
1245	9292
1246	7607
1247	7881
1247	6998
1248	3552
1251	5457
1251	7334
1252	3436
1255	7945
1255	7399
1258	2083
1258	3476
1258	4473
1258	3003
1258	1535
1260	3160
1260	4624
1260	7131
1260	5208
1265	2395
1265	1780
1265	1837
1266	7201
1266	5904
1266	3576
1266	4178
1266	1304
1267	1446
1268	3774
1270	7570
1270	9149
1271	6363
1271	1701
1271	1982
1272	7186
1272	2581
1274	1750
1275	3867
1276	7248
1276	6516
1276	9589
1278	4955
1278	4421
1281	6597
1282	9799
1282	4522
1282	5771
1282	2703
1282	1552
1282	1361
1282	4723
1282	7957
1282	9336
1282	1978
1284	5598
1285	1345
1285	2442
1285	3676
1285	6423
1286	4858
1286	8107
1289	7977
1289	2699
1289	4205
1294	4131
1294	6856
1294	5033
1294	3500
1294	2672
1294	6281
1294	1368
1294	6809
1297	3679
1299	9104
1299	5353
1299	2130
1302	4807
1304	4876
1309	3813
1309	1993
1309	1550
1309	8406
1309	7113
1309	4248
1309	6969
1309	1402
1309	4923
1309	5948
1309	5726
1310	2808
1310	7370
1311	2095
1312	5325
1314	1381
1318	8170
1319	8570
1321	7921
1321	3579
1323	3707
1324	6344
1324	3146
1324	3421
1324	1945
1326	1457
1327	4849
1327	7979
1328	4115
1330	8001
1330	9381
1330	6900
1330	5622
1330	9821
1330	2878
1331	3765
1332	2224
1333	1448
1333	2841
1333	7714
1333	4030
1335	1337
1335	3234
1335	6397
1336	6017
1336	4361
1336	5247
1337	2444
1337	9903
1337	8721
1337	7670
1337	3002
1340	3404
1342	1444
1342	8197
1342	5446
1342	8078
1342	1558
1343	4057
1343	8818
1346	1497
1346	3514
1346	2595
1346	1964
1348	1682
1348	7052
1348	4999
1349	7322
1352	9810
1352	1684
1353	6711
1353	8661
1353	8086
1353	1439
1354	6094
1355	1488
1355	8177
1355	1474
1355	3838
1357	2984
1357	7084
1357	4629
1358	7319
1358	2148
1358	4749
1359	7006
1360	6955
1360	3475
1361	6794
1361	1708
1361	3603
1361	2996
1361	8282
1362	3588
1362	2086
1362	8527
1363	4392
1363	8303
1363	2511
1363	6029
1365	4950
1367	3059
1367	5426
1368	4040
1368	5546
1368	2443
1369	2081
1369	1375
1369	7101
1370	4257
1372	3328
1373	1437
1376	9479
1376	3530
1376	6751
1378	3161
1378	3484
1378	6773
1379	9105
1379	5299
1379	3212
1379	9301
1380	7494
1380	2162
1380	9488
1380	1458
1380	2974
1381	8504
1381	3193
1381	2861
1381	1934
1382	9659
1383	3493
1384	3316
1386	8135
1388	3648
1388	7515
1388	7972
1388	5069
1388	5179
1388	9139
1388	2686
1391	2313
1392	2048
1392	4097
1393	2112
1394	8452
1396	5724
1396	7222
1397	6523
1397	7819
1397	6527
1400	5806
1401	7433
1401	3092
1404	4250
1406	2172
1410	2303
1410	9269
1411	9730
1411	7415
1414	6070
1414	4853
1421	7759
1421	9524
1421	3837
1421	7591
1423	2016
1423	9263
1423	2831
1423	8082
1423	2451
1423	4885
1423	2109
1424	3843
1424	4516
1424	7981
1424	2414
1424	8606
1424	6686
1425	8756
1425	2803
1426	4579
1426	4363
1426	3548
1426	4551
1427	5242
1427	2014
1428	1915
1429	2473
1429	2419
1430	9153
1431	2857
1434	7276
1434	6122
1434	9183
1435	4677
1437	2043
1437	2963
1437	5725
1439	8795
1439	1895
1439	1724
1439	1713
1440	2370
1440	7147
1440	3429
1440	3303
1443	2633
1443	3050
1443	7747
1443	6127
1445	5344
1446	5015
1447	7717
1447	8435
1447	1517
1447	5038
1447	3635
1447	2873
1448	1881
1448	9766
1449	5376
1450	5973
1451	2106
1451	2422
1452	4801
1452	9973
1452	5112
1452	7225
1452	7773
1454	1913
1456	9935
1457	2282
1458	6072
1458	9960
1460	6817
1460	4750
1460	2446
1464	8096
1464	8782
1464	4072
1464	6739
1464	5141
1464	3263
1465	7168
1465	4968
1465	9616
1465	5841
1465	5018
1465	5374
1467	7140
1469	9528
1469	9481
1469	1845
1470	8437
1475	1726
1476	3897
1476	6197
1478	9823
1478	2035
1478	3893
1478	8341
1480	4418
1480	5123
1480	5253
1480	6182
1480	7561
1480	3596
1480	1487
1480	4977
1480	6046
1480	4374
1480	1719
1480	2910
1483	2184
1483	4265
1483	3723
1483	9592
1483	2077
1484	7458
1484	2573
1484	3917
1485	6294
1485	5430
1487	7238
1487	2985
1487	9227
1487	7060
1487	5150
1489	5572
1489	8758
1489	5607
1490	5201
1491	8706
1492	2056
1493	2266
1493	1923
1493	3726
1493	7519
1494	2720
1494	1933
1496	4895
1498	4512
1498	1513
1498	2066
1499	2484
1499	1861
1500	8352
1500	4778
1500	8223
1502	7769
1502	5159
1505	9698
1505	7565
1507	9892
1507	8506
1507	7067
1507	2838
1508	8827
1513	2807
1513	2125
1513	2279
1514	1624
1514	5158
1514	2311
1515	7104
1515	6183
1517	6434
1517	4393
1517	4212
1517	3734
1517	6327
1517	1821
1519	1804
1519	3220
1519	3996
1519	2959
1520	9878
1522	2817
1522	6348
1522	3056
1522	2933
1522	5752
1523	9248
1524	1801
1524	3698
1527	8741
1528	2280
1528	3668
1528	5486
1528	8316
1529	7491
1529	8579
1529	3109
1530	2339
1532	3658
1532	5004
1532	2405
1533	2848
1534	4912
1534	5846
1537	9585
1542	3665
1542	3014
1542	8337
1547	9873
1547	7477
1547	5990
1548	5564
1550	6756
1551	6296
1551	6320
1551	1628
1551	5389
1552	7156
1554	2454
1555	9225
1555	5974
1555	3342
1555	3087
1557	9987
1557	7751
1557	2219
1557	1652
1557	4341
1557	9212
1557	3005
1558	1936
1558	5501
1561	8995
1561	4037
1561	6748
1561	2124
1561	4973
1561	8304
1561	6289
1561	6802
1561	4311
1561	1849
1561	1980
1562	9813
1562	7926
1562	5623
1562	2009
1562	3391
1563	3449
1563	9564
1563	2254
1564	4986
1565	9283
1565	4980
1568	4192
1568	1858
1568	7645
1568	3815
1569	2999
1570	9579
1570	2179
1570	3823
1571	6518
1571	4373
1574	6657
1574	2151
1574	9928
1574	3756
1574	4013
1574	4494
1574	9521
1574	6721
1574	5367
1574	4446
1575	9786
1576	5571
1579	7542
1580	3051
1582	2140
1584	1962
1584	3346
1585	6101
1588	6950
1590	9307
1590	8790
1591	5320
1591	8201
1591	4045
1591	2290
1591	6675
1591	9641
1592	4224
1592	9157
1592	3216
1592	1748
1592	2521
1594	3033
1594	8034
1594	3070
1596	2284
1596	6445
1596	5424
1596	3378
1596	2775
1596	1914
1596	2683
1598	5963
1598	9103
1603	6558
1605	2569
1605	2098
1605	1965
1606	6696
1606	4340
1606	4831
1607	1698
1607	9457
1607	5104
1607	4561
1607	2101
1607	6166
1607	3036
1607	7317
1612	1706
1612	6623
1612	6503
1614	2386
1614	7267
1615	2924
1615	3205
1615	5285
1616	4941
1617	7118
1617	3580
1617	2870
1618	3209
1618	3832
1618	5160
1622	6649
1626	9187
1627	2174
1627	9983
1628	6943
1628	6830
1629	5986
1629	4296
1629	8275
1629	2804
1629	9399
1629	9885
1631	8633
1631	4095
1632	6210
1633	2177
1634	2400
1634	4751
1636	3527
1639	2710
1640	4442
1642	6626
1642	6971
1642	2076
1642	3110
1644	1848
1646	6607
1646	3351
1647	8647
1650	8202
1651	3569
1651	2418
1651	9835
1654	8920
1654	7115
1654	2725
1655	3302
1656	6880
1656	6321
1656	4523
1656	3345
1656	1809
1656	7092
1656	4959
1659	5862
1659	3590
1660	6436
1660	8306
1660	2355
1660	5012
1662	4889
1663	5188
1663	1836
1663	2965
1663	2182
1664	5582
1664	3799
1666	3228
1668	2416
1668	3770
1668	2070
1668	2222
1671	5490
1671	7642
1672	6624
1672	4514
1672	2716
1672	8882
1673	3608
1675	8982
1675	2758
1676	7164
1676	2638
1676	1710
1676	3711
1681	9197
1684	4082
1684	4291
1684	6111
1685	4763
1685	8239
1686	2664
1686	6216
1686	2258
1686	2495
1687	8188
1688	8417
1688	2818
1688	3270
1688	3150
1689	8899
1689	7348
1689	4261
1690	6388
1693	4024
1693	3217
1694	1731
1696	2983
1699	4826
1701	5192
1701	7527
1704	2379
1704	1855
1705	6642
1705	5491
1705	6974
1705	1805
1708	3875
1708	7091
1710	3062
1711	1908
1711	3483
1711	1772
1711	5415
1713	5935
1714	1969
1715	6466
1715	4219
1715	7038
1717	4043
1717	2118
1718	2088
1718	8344
1718	3085
1718	1767
1719	5432
1720	4538
1720	3963
1725	3291
1726	3042
1727	2792
1727	2171
1727	1877
1728	2576
1729	3285
1729	6718
1730	6020
1730	6006
1731	2522
1732	3685
1734	9489
1734	6819
1734	2247
1735	5318
1738	5702
1742	5795
1742	8804
1742	1990
1742	7368
1742	6761
1742	5591
1742	3099
1743	4346
1743	4235
1743	5766
1744	8716
1744	9165
1744	3487
1745	5824
1745	6252
1745	4437
1745	5976
1745	3930
1746	2329
1746	4101
1746	6269
1747	2004
1749	1921
1749	8934
1750	2319
1752	4202
1752	8231
1753	8404
1754	6753
1754	7138
1754	5283
1754	2916
1754	6985
1754	2730
1754	6923
1754	5905
1754	8819
1754	2901
1757	4650
1757	4949
1757	6838
1757	5223
1758	9312
1758	2019
1758	2629
1759	6665
1759	2362
1761	4962
1761	3619
1761	4263
1761	5132
1761	2774
1761	5240
1761	7996
1762	4992
1762	9640
1762	4812
1763	2208
1763	9380
1764	4402
1764	3341
1765	5248
1765	4857
1766	2033
1766	6034
1769	3156
1769	2364
1769	7641
1770	3017
1770	2092
1770	5455
1770	7188
1770	3768
1772	2353
1772	6362
1772	6765
1774	5764
1776	2645
1777	2024
1777	9695
1778	6845
1778	9833
1779	2763
1779	5678
1779	2447
1780	6868
1780	6910
1780	4766
1780	5735
1782	4721
1782	4609
1783	1977
1783	5971
1783	5025
1784	9342
1792	9249
1793	3025
1794	8162
1796	7064
1796	4027
1796	4830
1797	3928
1797	7750
1802	2960
1802	8815
1802	2723
1802	4571
1803	3028
1803	4978
1803	9642
1804	5458
1804	4645
1806	5068
1806	5236
1807	5985
1807	2591
1808	9378
1810	3849
1810	4059
1810	2830
1815	6796
1815	9561
1816	7696
1816	6755
1816	2749
1817	2580
1818	7035
1818	3926
1819	2777
1819	4301
1819	7729
1820	7171
1820	1935
1820	2460
1821	7676
1822	7586
1823	8269
1824	5456
1824	7800
1824	8662
1824	6942
1826	7313
1828	3442
1829	8471
1830	3101
1830	6966
1831	3704
1831	8112
1831	3898
1833	8517
1833	1835
1833	5264
1833	6929
1833	2132
1833	5689
1833	4635
1833	4028
1833	8831
1836	3287
1839	9140
1845	6731
1845	6524
1845	6639
1846	2642
1846	2381
1848	9044
1848	2860
1850	3266
1850	9063
1850	3400
1850	6892
1850	6381
1850	2670
1850	6485
1850	2232
1851	7085
1852	6024
1852	4266
1852	2667
1852	4869
1854	4336
1854	6093
1854	6168
1854	2793
1855	9968
1855	3699
1855	7486
1856	7489
1856	3803
1856	4457
1856	7090
1856	3410
1857	5475
1857	6439
1858	2761
1859	5879
1859	2557
1859	2197
1863	6129
1864	6319
1864	2508
1864	9133
1865	1922
1866	2001
1866	3788
1866	6537
1868	4210
1870	4997
1871	2616
1871	2585
1872	5794
1872	8967
1874	8825
1877	9880
1878	2784
1878	7730
1878	2548
1878	2200
1878	5049
1878	4284
1878	3614
1880	3613
1881	9484
1881	7624
1881	2866
1881	6803
1881	7961
1881	4282
1881	7455
1884	6983
1885	9628
1885	5927
1886	3298
1886	2283
1886	2412
1886	8610
1886	9777
1886	2842
1886	8701
1888	7011
1888	2892
1888	8812
1890	6894
1892	7483
1892	4924
1892	6781
1893	5700
1895	2579
1898	3609
1903	3591
1903	2449
1903	3605
1903	8216
1903	6078
1905	6015
1905	8286
1905	2654
1905	5567
1906	2751
1908	4433
1908	9423
1908	4141
1911	6376
1911	3700
1912	9706
1914	4508
1914	3498
1915	7302
1917	2137
1917	4573
1920	7611
1921	7019
1923	9230
1924	2824
1924	4203
1924	5523
1924	6766
1924	2291
1924	4916
1924	4607
1928	8905
1932	4708
1932	5642
1932	4100
1932	6284
1933	4754
1934	3722
1934	4419
1934	8843
1936	6384
1937	4176
1937	2635
1939	7043
1939	9830
1939	2675
1939	2755
1939	8442
1939	4126
1940	1941
1940	8711
1941	5332
1941	2499
1942	5117
1944	6163
1944	4357
1944	8839
1944	2506
1944	2163
1944	5434
1944	5085
1947	3636
1947	6068
1948	7584
1949	2986
1950	2456
1950	6788
1952	4987
1952	3295
1953	3513
1953	3675
1953	9707
1953	6353
1955	9169
1955	7578
1955	7567
1955	3055
1956	2034
1956	4779
1956	2565
1956	3181
1958	4695
1959	8963
1960	8298
1962	5900
1963	3938
1964	3289
1964	3773
1964	4423
1965	4009
1965	7481
1971	7554
1971	4456
1971	8976
1971	7965
1971	6911
1973	2856
1974	2413
1976	5669
1977	2464
1977	3030
1977	7724
1977	8045
1977	4911
1977	7094
1978	2064
1979	2736
1979	4615
1981	8074
1981	3566
1983	2726
1983	2926
1983	3318
1983	2104
1983	9404
1984	5957
1984	7623
1984	5837
1984	9143
1984	4312
1985	4994
1986	9938
1986	2055
1988	6412
1992	3352
1992	3633
1993	6744
1993	5617
1994	4129
1994	2612
1994	2821
1995	3308
1999	3858
1999	8972
1999	4599
2000	5067
2001	3290
2005	6637
2007	7602
2009	5861
2009	5772
2009	8301
2009	3539
2009	4376
2011	2936
2011	9699
2012	4792
2012	7235
2014	2640
2014	6850
2015	5804
2016	9709
2016	5175
2016	8005
2016	3198
2017	5200
2020	5321
2020	2498
2020	4550
2020	8484
2028	4289
2028	4500
2028	6862
2028	3446
2029	9500
2029	5308
2033	5603
2033	3831
2033	3559
2034	2090
2034	6547
2034	4845
2035	2134
2036	7465
2036	5006
2036	2717
2041	3887
2041	3100
2044	5000
2047	5177
2047	2801
2048	4626
2048	3611
2050	5272
2050	5783
2052	2108
2054	3802
2055	8426
2058	7963
2058	9494
2062	2737
2063	9475
2063	2702
2067	3376
2068	5932
2071	5671
2071	2858
2071	6606
2071	8372
2071	5494
2071	4810
2072	2225
2073	3280
2076	9354
2078	3309
2080	7915
2083	3325
2084	2216
2084	9818
2084	5531
2087	3864
2087	5464
2088	4485
2088	8230
2088	9368
2088	2169
2088	2399
2090	4640
2092	5889
2093	7362
2094	9844
2094	3615
2095	2584
2095	5186
2095	5662
2095	3238
2099	9958
2100	2378
2100	6474
2100	9658
2101	6937
2102	5362
2103	9632
2103	6805
2104	2712
2104	5650
2104	5887
2104	6757
2106	6693
2107	2236
2107	7774
2109	5124
2110	5221
2112	8440
2114	9755
2116	5512
2116	2739
2117	4824
2117	7187
2117	5643
2118	8877
2119	9604
2119	8975
2122	8219
2123	2243
2123	8828
2124	3061
2124	4270
2124	4447
2125	2220
2125	5156
2126	3606
2127	4902
2129	4788
2129	6687
2130	7631
2131	9944
2131	5419
2133	7802
2137	7755
2137	2518
2139	6777
2139	7770
2139	9751
2139	7183
2151	3565
2151	2734
2151	2165
2151	7835
2151	9021
2153	4995
2154	5116
2154	4684
2154	7421
2154	2582
2155	8930
2155	3142
2157	7928
2157	5716
2158	8243
2158	4387
2158	2660
2158	4631
2159	3968
2159	4752
2159	2361
2160	3284
2160	7358
2161	7543
2162	2384
2165	7259
2167	8866
2167	3039
2169	2840
2169	9395
2169	4628
2169	7028
2170	2794
2170	4411
2170	2964
2173	6513
2174	2619
2174	2314
2174	2789
2174	7274
2179	5216
2179	6789
2179	2567
2179	9416
2179	2316
2179	7403
2179	4268
2179	5954
2179	4720
2179	7442
2179	8665
2181	9955
2181	2268
2181	5420
2181	2906
2181	4476
2185	3191
2185	7396
2185	7734
2185	2647
2186	3969
2186	3650
2188	4395
2191	2343
2192	4515
2192	4051
2193	7894
2203	7541
2203	3158
2205	5220
2206	8921
2209	8264
2209	3497
2209	3762
2209	4204
2211	3682
2211	4572
2211	4234
2211	5709
2211	5084
2214	6812
2214	9593
2215	7671
2215	4010
2215	5635
2215	7682
2217	3512
2217	7548
2217	3956
2221	8046
2223	6949
2224	8217
2224	3910
2225	3953
2225	5218
2230	5762
2230	6615
2230	2500
2230	6437
2233	2756
2233	4946
2233	5459
2233	3577
2234	7517
2237	4729
2237	5178
2237	8218
2238	2360
2238	3558
2238	7976
2241	7952
2241	2961
2242	2544
2243	7184
2243	9578
2243	4322
2243	4333
2244	6720
2245	9209
2245	3139
2245	9843
2246	6448
2246	3982
2247	6807
2248	2432
2249	7365
2249	7087
2249	3398
2249	5407
2252	2462
2253	4035
2253	5412
2253	8359
2253	9276
2253	2570
2253	6349
2253	2705
2254	8056
2258	6234
2258	9493
2258	5381
2258	7597
2259	8097
2259	5380
2260	2740
2263	5687
2264	2908
2265	9851
2265	3251
2265	7301
2267	2392
2272	4559
2272	3895
2273	2609
2279	2912
2279	4226
2279	7202
2279	9011
2279	3260
2280	2509
2282	2529
2284	3265
2284	7490
2284	4163
2284	5660
2284	5386
2287	4065
2287	5126
2288	5184
2288	2724
2288	8605
2290	6500
2290	7470
2290	2671
2290	3411
2290	3444
2290	2650
2292	9448
2292	2673
2292	5563
2292	2294
2293	5749
2296	3571
2297	9600
2299	5436
2300	8994
2300	6729
2300	5133
2300	4495
2300	3570
2301	5402
2301	8862
2302	7471
2302	8396
2302	9163
2302	3369
2305	2694
2305	7247
2309	8754
2309	7587
2309	9070
2309	3678
2310	2805
2324	8227
2324	3047
2324	9234
2324	6266
2324	3547
2328	2733
2329	9964
2330	6695
2330	3031
2332	3851
2332	4400
2332	2891
2333	6747
2335	8865
2335	7506
2335	4403
2337	3018
2337	5262
2339	2492
2339	4710
2340	4468
2343	6913
2343	3499
2343	9900
2345	6047
2348	6984
2349	7174
2353	5578
2355	6452
2355	2731
2355	7135
2357	7464
2357	5785
2357	5295
2357	4919
2358	2459
2359	7372
2364	4359
2365	8737
2365	6204
2365	4759
2369	4670
2370	8772
2371	8919
2373	3872
2373	5548
2373	5888
2377	5977
2378	6212
2378	9834
2379	6801
2379	2747
2380	7793
2380	6948
2380	2525
2381	3850
2381	6099
2381	3437
2381	4798
2384	6644
2385	3086
2387	6181
2388	3008
2388	3529
2388	4156
2388	3775
2391	3052
2393	9735
2393	4583
2393	8334
2393	3022
2393	3805
2395	3896
2395	4970
2396	8051
2399	2457
2400	7012
2400	8110
2400	3415
2400	8507
2400	4286
2402	3763
2402	6494
2403	9943
2404	9211
2406	8276
2406	8066
2406	7492
2410	5151
2410	2722
2410	4279
2410	8498
2411	6400
2411	9572
2411	9638
2411	7942
2411	4015
2411	7993
2412	9688
2412	6453
2413	9208
2415	2729
2415	7553
2416	3712
2416	4177
2416	7015
2417	8293
2418	6713
2418	5235
2419	8160
2419	3078
2420	3424
2420	6316
2420	2430
2422	4285
2425	6005
2426	2880
2426	6598
2426	3431
2426	5005
2426	6100
2430	5522
2431	9551
2432	3174
2435	4553
2438	3065
2438	7723
2438	3054
2439	3288
2439	2836
2439	7837
2440	5398
2445	3562
2448	5651
2448	2869
2448	3495
2449	9560
2449	7449
2452	3261
2454	4521
2455	3705
2455	6091
2455	4841
2457	2800
2460	4215
2463	5280
2464	4146
2464	4211
2464	6039
2465	6221
2466	5575
2467	2682
2469	4828
2472	2696
2473	3283
2473	9884
2474	8864
2475	7691
2475	6365
2477	3305
2477	3166
2478	7241
2478	9421
2478	5199
2482	2600
2484	4064
2484	6177
2484	3155
2484	6691
2484	3715
2484	2939
2487	4025
2487	6179
2487	7255
2489	3361
2489	3508
2490	3382
2491	3931
2491	3141
2493	7367
2494	3113
2494	4768
2494	9422
2497	3241
2497	3973
2498	6957
2500	9936
2500	6383
2501	5925
2501	6539
2501	9872
2501	3094
2501	3293
2502	4840
2502	6650
2502	3966
2502	9039
2506	8909
2507	2562
2507	8492
2507	4852
2507	3511
2507	5372
2508	4378
2510	6237
2512	4452
2512	2601
2512	3532
2512	2606
2512	3024
2512	9393
2512	3177
2512	6265
2512	5836
2513	8759
2514	8614
2514	6352
2514	4020
2514	3766
2514	8158
2516	6022
2520	8145
2521	5596
2524	4186
2527	6939
2532	8572
2534	7419
2536	7935
2537	8511
2545	3405
2545	8791
2547	6973
2548	3748
2548	5929
2548	6456
2548	2839
2548	4920
2548	8125
2550	6553
2550	4621
2550	9311
2551	4475
2554	5298
2558	5083
2558	6698
2559	2630
2559	6254
2559	6616
2559	3067
2559	3357
2561	3520
2561	8655
2561	3695
2563	3916
2563	4121
2565	5229
2565	5845
2566	4000
2570	4880
2570	3468
2570	2918
2572	3736
2572	2602
2573	4499
2573	7453
2573	4727
2575	6215
2576	3016
2576	4704
2576	7214
2577	2909
2580	6326
2582	5663
2583	2738
2586	8898
2586	6834
2586	2604
2587	3339
2587	3502
2588	2614
2589	4964
2590	8615
2591	9780
2593	9068
2593	2812
2596	4969
2597	8447
2601	9929
2601	3058
2607	8226
2608	4432
2608	6709
2608	3998
2608	5327
2609	6622
2609	3929
2612	8314
2615	8137
2615	5482
2615	8732
2615	2886
2620	5096
2621	3072
2621	3909
2623	3130
2624	3554
2624	7354
2624	4554
2624	2887
2626	4633
2626	4317
2627	3081
2627	3252
2631	6555
2631	8500
2632	8287
2633	5800
2633	5226
2633	8198
2634	5265
2634	2690
2634	4238
2637	3785
2638	7866
2638	7046
2640	3828
2643	8712
2644	8443
2645	8460
2645	5142
2649	9346
2650	6883
2650	3846
2650	3948
2650	4909
2650	6062
2650	7962
2653	5152
2653	9605
2653	9657
2653	3416
2653	5081
2653	7674
2654	5854
2657	3657
2659	6688
2659	9278
2662	4088
2662	5274
2662	4789
2668	7080
2669	5636
2669	5103
2670	4348
2671	6909
2671	5550
2671	4894
2671	4687
2672	7861
2672	2898
2672	4362
2672	4199
2677	2762
2677	6004
2679	6478
2680	3377
2681	8451
2681	7886
2690	3727
2692	7407
2694	7207
2696	8547
2696	7275
2698	2814
2703	7292
2704	2925
2706	3915
2706	7153
2707	4851
2707	6519
2709	5777
2709	6996
2713	4725
2713	5370
2713	4165
2714	5310
2715	4578
2716	3689
2716	8918
2722	7315
2723	8384
2723	6402
2723	3178
2723	7605
2724	3964
2724	2795
2724	3796
2724	5207
2726	3379
2728	6512
2729	3256
2729	4937
2729	7480
2730	6482
2730	7343
2732	8700
2733	7829
2735	7601
2736	8340
2736	4111
2738	3729
2738	6110
2739	7787
2740	7930
2740	5438
2742	2767
2743	6640
2743	3478
2744	4904
2747	6248
2747	2949
2748	6346
2750	6173
2750	9006
2750	3183
2751	4877
2752	8540
2752	4254
2753	6811
2754	8490
2754	2820
2754	3902
2756	7612
2757	8723
2757	2975
2759	4130
2759	5313
2761	4093
2761	5054
2761	4143
2766	3134
2767	8357
2767	5130
2767	7437
2767	3167
2769	9626
2770	4491
2770	3746
2770	3670
2771	8749
2772	9015
2776	4758
2779	4545
2780	5727
2781	5065
2781	7531
2782	3490
2782	4294
2782	9672
2782	5296
2782	3195
2782	9693
2782	5694
2784	3013
2784	5421
2785	7076
2787	3880
2787	4472
2787	3709
2788	4188
2788	8068
2790	7329
2792	3448
2792	6672
2792	7344
2792	3117
2793	6050
2794	3792
2794	9854
2795	8817
2795	7947
2795	3854
2796	7737
2800	6350
2800	5137
2801	7256
2802	8803
2802	6291
2802	6372
2803	6576
2803	6867
2803	5516
2804	9495
2805	7513
2805	3275
2805	9046
2805	7725
2806	5427
2812	4680
2812	9482
2812	4245
2812	8296
2815	7024
2819	5087
2820	3944
2824	9617
2824	3043
2824	9366
2825	8347
2825	4157
2825	8586
2826	7375
2828	9558
2828	7622
2828	7697
2828	3148
2828	4785
2828	4181
2828	2966
2828	7545
2831	7838
2833	5739
2833	7572
2839	3229
2844	4207
2848	4172
2848	4525
2848	9681
2848	3127
2848	3481
2848	4862
2849	9355
2849	4269
2853	4208
2853	8924
2853	8092
2853	8373
2854	8098
2854	3197
2856	5883
2856	3107
2856	6165
2856	4229
2858	6833
2858	3492
2859	3555
2859	7628
2862	4890
2868	8728
2869	6059
2872	4863
2878	5347
2878	8980
2880	3103
2880	5257
2880	3320
2880	4507
2880	9247
2881	6717
2881	3501
2883	3386
2883	8215
2883	3068
2890	6515
2890	5492
2890	6422
2890	6364
2890	8637
2891	8116
2891	6435
2891	9465
2891	5823
2892	9239
2896	4587
2898	5730
2898	4055
2899	6416
2899	4038
2899	8473
2900	5176
2903	5586
2903	9877
2905	4184
2905	6218
2905	5774
2908	7592
2908	3432
2908	4175
2908	6008
2908	7890
2911	5026
2913	4481
2913	4021
2914	8713
2915	7923
2917	5086
2919	8914
2924	3408
2924	5539
2924	4701
2925	5392
2925	9867
2925	3601
2925	3924
2925	6940
2925	4606
2928	3732
2932	6219
2932	5485
2932	7790
2932	6821
2935	4280
2935	3441
2939	9483
2939	4134
2939	9003
2939	5714
2939	7547
2939	9308
2941	6600
2945	7016
2945	7369
2945	6021
2945	9199
2948	4776
2948	8844
2948	5488
2948	6490
2948	6366
2951	4737
2951	3108
2951	9085
2951	9734
2953	5570
2954	8805
2955	5740
2958	3397
2958	5966
2965	9704
2967	6685
2976	6887
2978	3865
2978	9051
2978	4413
2978	3913
2979	8969
2979	4164
2980	6521
2980	7323
2981	4308
2982	3413
2987	3208
2987	4539
2987	5403
2989	4228
2990	5345
2990	2998
2991	3259
2995	7660
2996	3232
2996	5792
2996	5926
2996	3640
2996	6841
3002	8820
3003	8123
3003	5981
3004	6994
3004	3007
3005	3979
3006	3091
3008	9896
3009	6592
3009	3971
3009	9382
3009	9001
3009	4026
3009	9020
3009	5917
3010	7425
3012	9913
3012	5941
3013	7526
3013	9007
3014	6860
3016	7728
3016	3610
3016	5468
3016	4470
3018	8652
3021	8114
3021	7839
3021	5759
3023	6544
3023	5980
3023	7108
3023	3879
3024	9886
3027	8673
3028	4520
3028	5816
3028	5466
3030	8165
3032	7482
3032	5718
3033	5698
3033	5397
3036	4463
3040	7891
3041	7805
3042	8012
3042	4478
3043	8052
3045	5697
3045	6030
3045	4943
3045	7766
3045	5751
3049	4832
3049	5576
3051	5035
3052	9418
3052	4637
3052	7606
3055	7116
3063	5329
3063	6150
3064	4813
3069	6339
3069	5401
3071	5853
3072	5829
3075	5884
3077	3760
3077	8444
3077	8657
3079	4328
3081	6722
3084	3600
3087	3152
3087	3131
3089	8057
3089	6772
3089	6054
3094	7002
3095	6560
3102	8789
3106	9180
3108	6001
3108	4242
3109	6161
3110	6535
3110	3820
3110	7694
3110	3219
3110	5437
3111	7581
3112	8224
3112	8883
3112	4174
3115	4056
3117	3138
3118	7352
3118	5442
3120	9727
3120	9420
3120	6233
3120	3673
3121	7452
3121	3839
3122	5241
3122	3403
3122	8185
3127	9515
3128	6360
3128	5441
3128	5351
3128	4197
3133	9236
3134	5852
3135	8015
3142	8913
3142	7653
3142	7550
3143	4150
3145	6231
3146	7112
3150	7521
3150	6646
3151	8935
3153	4327
3154	6647
3155	6031
3158	8776
3161	4672
3161	9196
3161	6014
3170	7424
3172	5998
3172	4926
3172	6605
3173	5171
3173	5692
3176	6256
3177	3264
3177	7157
3180	6847
3182	6195
3182	7281
3184	3701
3184	6446
3186	3841
3192	7152
3192	4796
3193	3225
3194	4216
3196	8418
3196	5587
3199	6795
3199	4198
3204	9086
3204	5115
3205	6754
3206	8299
3207	9522
3207	9763
3207	5149
3207	8725
3214	9171
3218	5394
3218	3300
3218	7423
3220	4462
3222	3423
3224	7058
3224	7387
3227	5696
3227	6767
3229	5144
3229	8985
3229	4347
3230	6865
3233	4049
3233	8811
3234	3568
3234	3307
3237	7910
3237	9467
3238	4696
3239	6419
3240	5368
3240	9918
3240	6577
3242	8063
3243	7813
3243	9846
3245	6786
3250	3496
3250	3772
3250	4649
3251	6040
3252	8065
3252	7228
3252	7675
3255	6543
3257	5019
3257	8950
3258	3524
3258	3693
3259	9696
3260	7664
3260	6879
3268	3738
3269	7590
3270	8904
3271	9962
3273	8879
3276	3652
3276	3957
3277	7189
3280	4330
3281	6430
3283	9477
3283	3355
3283	7901
3283	4222
3283	5125
3284	4290
3284	4187
3284	4375
3286	7538
3288	9513
3288	6810
3288	8325
3288	4014
3289	4700
3290	5585
3290	6159
3290	3567
3292	7536
3295	6947
3296	3818
3296	8134
3303	3373
3308	4728
3308	6484
3310	5626
3312	5760
3312	9419
3313	9667
3313	7047
3315	9765
3315	7598
3315	5683
3315	5108
3315	4078
3316	5695
3320	4179
3322	6997
3323	9091
3325	6806
3326	4329
3327	9856
3327	7311
3327	8115
3327	5556
3327	9562
3328	4054
3331	4940
3333	8781
3336	7023
3337	4436
3340	7148
3347	7440
3347	9385
3347	7158
3348	5195
3348	8413
3351	9919
3358	4718
3359	6464
3360	3884
3363	6814
3364	4133
3365	6826
3365	8383
3366	3883
3366	7438
3366	5059
3368	6779
3368	5055
3369	7057
3371	7862
3375	4673
3375	5820
3375	9351
3377	5266
3377	7170
3378	8513
3380	5569
3382	5928
3382	5876
3384	6493
3385	6896
3387	9888
3387	6564
3387	8102
3387	9927
3387	6133
3388	7658
3388	4023
3389	4544
3389	5656
3392	5471
3393	4731
3400	7013
3400	5183
3401	5154
3401	8355
3401	6279
3401	5091
3401	9018
3402	9990
3404	3793
3404	9195
3405	6627
3405	3761
3406	8157
3407	4003
3409	3537
3409	6703
3409	4809
3413	5545
3414	4686
3416	4258
3416	8660
3416	7039
3428	5162
3430	9639
3430	4132
3430	5535
3431	7702
3432	8173
3437	3535
3442	4352
3442	9811
3442	4871
3444	7395
3444	8501
3446	6392
3449	8291
3452	9155
3453	5537
3455	6425
3455	5707
3456	4604
3456	4077
3458	8824
3458	5750
3459	7812
3459	7093
3466	5975
3469	5118
3472	5172
3475	5779
3477	8651
3478	6460
3478	4125
3479	7620
3480	6131
3482	4182
3484	7731
3484	5540
3484	6871
3485	6330
3485	5377
3489	5964
3492	5746
3494	6823
3495	5638
3499	5153
3499	6987
3499	7073
3499	9934
3503	9556
3506	6378
3514	6202
3514	5322
3515	9290
3515	5114
3520	4048
3520	9047
3520	8856
3520	5817
3520	4253
3522	5217
3522	6499
3522	5640
3522	8842
3522	7824
3522	3987
3522	3549
3523	8405
3524	4255
3525	6995
3525	6587
3525	8374
3528	9838
3529	4698
3533	5378
3535	6401
3537	4391
3538	8213
3538	5910
3540	6941
3544	4568
3548	4139
3549	8468
3550	3638
3552	6852
3553	6839
3555	8788
3559	8538
3559	6389
3560	4601
3561	9434
3561	7982
3561	8645
3563	6632
3563	5633
3563	7780
3563	7285
3569	8292
3570	4558
3573	4938
3573	8470
3573	5145
3573	3804
3573	5405
3575	4722
3575	9845
3575	8375
3578	8448
3578	6261
3580	9471
3581	9991
3581	7258
3581	4070
3581	5063
3582	7549
3583	6337
3586	5827
3587	7342
3587	3631
3591	7381
3594	6247
3596	8518
3600	8346
3600	9034
3600	9221
3600	3639
3601	5128
3601	5109
3602	6146
3602	8739
3606	9136
3606	8402
3609	4412
3610	7649
3610	4107
3611	9400
3611	9391
3612	7196
3612	7254
3614	3955
3615	6473
3615	8211
3617	8189
3622	5788
3623	6432
3623	8814
3623	5040
3623	8658
3623	5814
3623	5688
3623	5561
3623	8186
3623	7263
3625	4576
3625	8463
3629	3889
3629	6385
3638	7328
3638	4747
3638	5028
3640	5391
3643	4105
3644	3683
3645	8682
3649	5499
3651	5250
3652	3747
3658	6012
3659	5305
3660	5903
3660	6169
3660	4151
3663	3808
3663	7537
3664	9568
3664	8038
3666	6746
3666	4214
3673	4993
3676	4954
3679	5245
3679	5989
3680	9644
3682	7182
3683	3694
3684	6858
3684	4338
3684	4589
3686	4505
3688	7044
3689	8990
3690	6629
3691	9041
3692	3816
3694	5706
3699	4321
3699	9359
3699	8166
3705	7727
3710	7512
3713	7030
3713	7111
3715	4584
3715	7400
3715	5741
3716	4380
3717	5518
3718	8397
3719	9009
3721	4817
3721	4047
3723	6520
3723	3876
3723	8551
3724	4464
3724	4976
3724	5616
3730	4145
3730	4326
3732	6572
3732	6551
3733	9172
3736	4888
3736	9440
3736	5826
3737	6832
3741	4741
3742	5521
3742	8238
3743	3888
3743	8561
3744	4652
3745	7121
3746	7898
3754	4846
3755	4509
3757	5840
3757	4370
3759	6201
3764	9853
3764	5865
3765	3927
3766	4815
3768	9904
3769	7888
3771	6088
3772	4836
3773	5008
3773	6599
3778	9266
3778	9759
3778	9327
3783	8753
3783	9997
3784	8129
3788	6588
3790	7936
3791	3958
3791	3983
3792	4781
3792	9462
3795	4256
3796	8236
3796	9674
3796	6387
3796	8991
3797	3833
3797	5210
3802	5495
3806	8195
3809	6295
3811	4952
3811	8241
3811	4358
3812	3925
3812	7053
3816	4797
3816	9334
3822	6391
3823	6121
3835	3840
3835	9634
3836	6679
3836	5505
3838	5959
3839	5871
3840	4152
3840	5920
3843	5906
3843	6762
3845	8681
3845	5844
3847	7762
3847	4532
3850	4896
3851	7782
3852	4117
3853	6083
3854	6274
3854	7500
3857	6333
3858	6925
3860	8488
3860	4882
3860	9802
3860	7638
3869	6836
3872	5722
3877	5047
3879	9369
3879	4459
3881	7434
3881	6395
3883	4600
3886	5037
3900	8755
3901	4770
3909	9608
3910	5850
3910	6546
3912	4193
3914	5664
3914	6140
3917	7146
3917	8910
3918	5895
3920	4227
3920	7669
3921	4732
3923	9025
3923	5962
3928	8519
3929	5822
3929	5246
3930	5470
3932	4076
3936	8146
3943	8042
3943	7511
3943	5674
3943	5703
3946	5802
3946	7117
3946	7951
3946	4818
3946	5303
3946	8765
3947	4800
3947	4667
3949	4745
3949	5399
3953	5701
3956	4320
3962	9377
3963	4438
3967	4961
3967	9874
3967	6700
3968	6258
3969	8695
3972	6185
3972	5803
3972	4614
3973	6706
3974	8928
3975	4535
3976	6390
3976	4422
3979	4953
3981	8532
3983	5148
3984	5361
3984	7746
3984	4879
3986	7026
3986	9231
3991	4935
3994	4304
4000	4271
4002	4682
4002	9502
4003	8147
4003	5286
4004	5497
4004	4061
4005	9461
4006	4006
4008	4213
4008	9030
4011	5252
4013	7924
4014	7478
4018	9496
4018	4777
4020	9443
4020	4194
4020	6799
4029	8983
4030	4083
4030	8958
4030	4847
4031	7569
4035	9607
4035	4060
4035	7698
4035	5939
4035	7765
4035	7098
4035	7388
4040	7448
4042	6009
4047	4414
4047	4239
4054	7088
4055	8531
4055	9906
4055	6462
4059	9736
4063	4743
4064	6552
4067	6689
4067	5965
4070	9417
4083	9998
4084	6590
4084	8087
4086	7250
4086	9922
4086	4383
4087	6725
4091	5808
4091	7821
4093	8557
4093	8358
4093	8415
4094	8037
4098	9976
4099	9243
4099	9621
4099	7870
4106	5357
4110	4834
4111	7251
4112	8727
4114	8857
4117	7583
4119	6976
4121	4431
4123	9215
4129	4337
4129	7619
4130	9318
4134	6056
4139	6820
4139	6275
4140	5146
4146	7905
4146	4524
4147	6664
4147	9031
4149	5474
4150	7873
4150	4780
4154	7955
4157	7877
4159	4783
4162	8717
4162	9849
4167	6162
4169	5979
4169	6431
4171	7243
4171	5165
4174	7077
4174	9995
4174	7436
4174	7828
4174	8221
4175	4368
4178	6096
4178	6235
4181	8770
4183	4738
4187	5624
4187	6028
4187	9890
4187	4774
4191	4241
4194	8638
4194	4415
4195	7998
4199	8996
4204	5952
4204	7689
4204	9841
4204	6741
4204	5945
4205	6170
4205	7273
4208	4502
4208	4405
4209	9084
4217	7799
4218	6074
4219	6187
4219	4666
4221	9984
4230	9611
4234	4236
4235	9192
4235	9127
4236	9032
4238	7897
4244	4659
4245	7309
4246	7321
4247	4542
4249	5164
4251	7630
4255	7880
4255	5653
4256	9901
4257	9996
4257	6270
4267	9498
4267	5467
4269	9549
4276	4925
4277	9690
4278	6220
4278	5254
4279	6368
4283	9899
4283	9842
4283	5014
4283	4407
4283	5786
4283	7357
4284	5451
4288	8580
4290	8317
4291	6488
4293	6455
4295	6192
4295	9203
4299	4546
4302	5600
4302	4773
4304	7804
4304	5918
4309	6154
4316	6299
4317	6723
4317	4562
4319	6595
4319	9284
4319	6897
4319	4408
4319	4603
4322	6347
4324	8840
4324	7562
4324	8880
4325	8619
4326	8679
4328	5654
4329	8192
4329	4990
4329	9390
4330	7386
4330	9514
4330	8767
4331	9367
4334	5720
4334	4983
4338	9713
4338	9839
4340	5140
4343	4441
4345	8480
4347	9069
4349	9045
4354	9200
4360	7920
4360	8206
4360	5174
4366	7604
4368	6125
4368	6854
4371	7297
4374	8886
4377	7869
4380	8085
4381	4453
4382	4467
4384	8533
4386	7059
4388	6052
4392	4897
4392	7763
4392	4854
4392	8569
4397	9963
4398	9023
4402	7447
4403	4632
4403	4808
4406	7907
4409	5263
4411	9356
4412	8392
4412	8601
4414	7706
4418	8332
4418	8350
4419	5542
4420	7927
4422	7137
4425	7791
4432	8944
4436	9550
4436	7558
4437	9863
4439	7840
4439	8474
4442	7683
4442	8620
4444	9795
4447	4775
4448	4782
4454	7613
4456	5544
4456	8171
4456	5227
4456	8007
4460	8109
4466	4688
4471	5425
4473	5100
4473	6571
4473	4764
4475	4906
4479	7473
4480	6152
4480	5099
4480	7132
4482	7199
4483	4945
4484	7712
4486	6708
4486	6315
4487	6540
4492	4870
4495	5536
4498	6999
4498	5645
4498	4711
4502	7371
4503	7130
4504	6674
4505	6882
4506	5555
4507	6149
4508	4843
4509	5873
4509	4674
4509	8959
4510	4530
4517	6106
4524	4714
4528	5970
4529	9721
4529	5479
4530	6840
4531	4947
4532	8252
4532	4838
4534	4623
4536	7929
4536	5994
4538	9191
4541	9971
4543	9228
4543	5574
4544	7475
4545	6492
4548	9315
4548	6013
4550	9451
4551	5335
4558	5909
4558	8926
4558	8039
4559	6924
4560	9114
4562	5736
4562	5454
4565	8881
4565	5874
4565	4591
4573	7145
4578	8624
4581	6800
4583	4930
4583	7484
4583	5258
4587	7752
4593	6636
4594	7160
4604	8496
4604	6619
4609	9352
4609	9970
4609	8574
4619	4790
4621	6567
4622	5013
4623	5885
4624	5205
4625	6538
4626	6901
4628	9150
4629	8800
4630	9677
4651	6382
4652	9202
4652	7643
4658	4699
4663	5897
4663	7713
4667	7970
4667	6749
4668	8445
4669	4883
4671	7954
4673	4804
4673	8925
4675	6442
4675	9573
4675	8150
4675	5191
4680	6855
4680	5317
4680	6575
4693	5077
4695	5198
4698	4827
4701	8802
4701	8751
4704	5916
4706	6232
4706	5780
4707	9678
4708	8911
4709	7844
4714	6475
4733	5225
4734	8060
4739	7224
4739	7593
4739	8131
4739	8055
4751	8962
4751	5413
4751	9831
4753	5659
4753	5866
4753	9683
4755	6283
4756	6936
4765	7836
4765	8479
4769	7668
4771	6084
4773	6611
4774	8609
4774	6727
4776	8249
4776	8870
4777	5838
4782	9615
4784	5275
4786	5978
4803	7278
4804	8295
4805	6334
4807	9261
4808	8693
4808	5686
4808	5831
4809	6659
4810	8368
4810	6469
4811	8630
4812	6105
4815	5685
4816	5078
4817	5350
4819	8414
4819	5855
4836	7663
4838	5717
4838	9703
4841	8699
4842	7445
4846	6621
4848	5658
4856	7618
4861	6740
4863	9360
4863	6458
4866	7295
4873	8627
4879	6953
4879	7466
4879	9724
4879	5237
4886	6881
4888	4988
4888	6702
4890	6593
4895	8184
4895	6603
4895	9789
4898	7487
4901	9520
4901	5113
4901	5811
4905	7883
4911	6155
4912	6804
4913	9822
4915	5168
4915	9123
4916	4933
4921	8307
4925	7555
4926	9689
4926	8315
4926	5445
4926	9037
4929	6158
4930	5649
4932	8718
4933	9128
4937	7566
4939	5713
4941	6542
4942	7282
4942	6198
4947	9654
4948	6454
4949	6253
4953	6112
4956	6750
4959	6758
4965	7608
4965	8233
4965	5597
4966	5621
4966	6479
4970	7744
4978	9344
4983	7960
4983	5244
4987	7249
4987	5778
4987	8884
4987	6662
4989	8120
4989	8855
4992	8365
4997	6208
4999	8300
4999	6570
4999	5605
5000	9988
5000	8514
5003	8612
5008	9441
5009	7213
5013	7195
5013	8603
5013	8143
5018	6148
5021	8902
5036	6959
5039	8847
5040	5911
5045	9666
5045	6573
5047	7776
5051	9459
5059	7688
5059	5161
5059	9257
5065	6505
5066	6677
5071	5300
5072	7010
5073	8584
5074	5825
5077	8459
5082	8836
5091	5731
5092	6323
5096	8205
5098	5628
5102	5222
5109	7991
5120	8955
5121	9752
5123	7266
5124	6290
5127	5400
5128	5923
5130	7758
5136	7349
5137	9324
5145	9412
5145	5670
5149	9860
5160	9184
5166	9529
5166	6370
5166	5340
5166	5462
5168	9601
5171	6188
5171	9094
5171	6189
5172	8294
5174	7441
5175	8441
5185	5972
5186	8124
5191	6033
5197	6594
5197	8167
5198	9796
5201	9280
5201	6531
5201	9413
5209	7289
5211	9787
5211	5364
5221	8214
5221	5733
5222	8907
5222	6813
5226	8126
5232	7459
5232	7226
5232	6271
5232	5791
5235	5611
5245	7127
5246	6023
5256	6103
5258	8453
5259	8973
5261	6979
5263	5744
5266	8144
5272	5997
5274	5483
5283	9980
5287	7585
5287	8432
5288	9663
5291	8478
5297	5447
5302	7456
5305	6745
5308	8495
5316	9245
5316	6037
5318	8035
5320	5390
5321	9082
5324	5551
5330	8618
5334	7082
5337	9816
5337	5868
5337	9444
5345	5379
5345	8923
5346	8371
5347	5631
5349	5352
5351	5849
5351	6980
5352	6501
5354	5356
5356	9305
5360	8339
5361	8161
5364	7648
5365	8582
5373	5525
5380	7027
5382	7194
5385	7338
5387	5644
5388	8696
5392	6405
5397	8419
5407	9668
5408	6993
5409	8494
5409	7814
5410	7219
5414	6438
5422	9332
5428	7568
5436	8832
5440	6048
5440	6889
5441	7001
5443	6459
5448	9056
5448	8013
5449	8079
5449	7820
5449	6489
5454	9274
5456	7218
5463	5541
5472	9449
5474	6369
5474	6565
5475	7331
5478	9144
5478	6742
5480	6719
5483	8523
5483	7652
5483	8245
5486	9323
5486	9700
5487	8594
5492	6736
5499	8322
5516	6914
5523	7868
5527	6730
5528	9435
5529	6044
5531	5579
5543	7105
5543	6886
5546	7286
5548	7312
5549	5835
5549	6341
5566	8174
5573	5949
5577	6225
5578	8813
5582	6297
5588	8047
5589	9675
5604	8822
5613	9490
5619	8379
5620	6406
5621	5676
5627	7994
5643	7525
5646	7681
5649	7165
5664	8768
5668	8752
5670	8395
5670	6927
5673	5839
5676	5947
5676	9175
5676	8069
5677	6123
5689	6467
5691	5793
5693	6934
5696	6710
5700	6825
5712	7621
5719	8382
5721	6872
5724	7748
5726	6457
5734	5738
5734	7679
5736	7257
5739	8049
5741	9372
5750	6428
5752	9325
5756	6053
5761	9969
5765	8271
5765	9454
5765	6063
5766	8746
5767	7401
5768	8931
5775	6174
5789	6917
5793	8032
5793	7539
5793	7533
5793	5799
5806	6628
5807	6144
5808	9992
5809	6309
5812	6904
5812	8816
5812	9876
5820	7017
5820	6502
5822	6673
5824	6678
5824	7823
5828	6760
5832	8600
5832	8070
5839	9255
5843	7054
5845	7320
5853	7625
5856	8356
5858	6307
5861	9784
5863	9429
5864	9033
5864	8591
5865	8748
5869	7851
5872	7460
5880	6011
5887	8887
5890	7210
5893	6816
5894	7056
5894	6420
5894	8054
5896	7308
5900	9357
5901	8849
5901	9411
5904	9252
5904	6780
5904	9402
5908	8023
5917	6733
5927	9379
5931	6495
5932	7913
5933	9719
5936	6699
5945	8550
5946	8566
5947	7008
5948	8891
5957	6278
5960	9052
5961	7540
5975	5991
5989	7949
5993	8937
6006	8011
6013	8090
6014	9008
6014	8875
6014	8089
6017	6704
6017	6902
6032	7854
6033	6563
6035	8209
6037	9055
6042	6322
6044	8537
6049	8986
6050	7385
6053	9917
6054	9972
6056	7502
6059	7811
6061	7754
6063	6864
6065	8259
6065	7917
6066	8989
6075	7579
6085	7687
6088	7943
6089	6785
6091	9442
6091	7454
6093	8684
6095	7563
6096	9887
6096	6692
6096	6655
6100	8376
6103	7874
6107	6282
6107	9004
6109	6171
6111	6952
6116	6426
6129	9129
6132	6776
6133	9937
6145	8031
6145	9910
6146	8141
6146	6463
6148	8587
6148	9861
6153	7912
6153	9392
6153	9772
6156	7287
6164	7636
6171	8850
6177	7719
6181	6562
6186	9340
6192	9627
6200	8957
6201	9824
6205	9826
6205	7405
6208	8654
6208	7197
6217	7307
6220	8948
6222	9115
6227	9571
6231	7432
6233	6815
6235	7300
6239	9547
6240	7707
6255	8425
6263	9722
6265	7655
6266	9650
6267	6510
6272	7384
6275	9107
6276	8863
6282	7429
6284	8542
6292	7083
6302	8640
6313	8155
6321	6354
6321	7086
6327	7404
6329	8792
6331	9080
6334	6566
6338	9499
6341	7176
6341	9447
6342	9574
6344	8577
6344	7524
6344	7761
6348	7231
6353	9154
6355	9577
6356	9931
6365	7230
6366	7710
6368	6970
6376	6408
6376	8312
6376	9898
6376	7142
6383	7062
6392	7516
6397	7803
6404	9002
6408	7573
6409	8834
6411	9921
6425	7633
6432	9804
6437	7944
6437	8002
6437	9452
6439	7785
6441	8564
6444	8621
6460	6827
6462	6798
6463	8888
6465	9940
6479	9646
6484	9474
6484	9270
6488	7614
6497	9137
6498	9319
6500	6676
6511	7830
6516	9316
6516	9581
6519	7422
6520	8799
6524	6831
6528	6638
6532	8705
6532	8476
6532	7310
6533	8048
6533	8328
6533	6954
6537	8387
6537	9981
6538	7409
6541	9744
6542	9254
6543	6784
6546	8965
6548	8534
6554	7560
6555	8720
6558	8246
6559	8634
6568	8853
6569	7237
6569	8062
6570	7708
6570	7206
6573	9017
6577	8268
6584	8806
6586	7732
6590	7720
6596	7788
6596	9870
6600	6783
6602	7071
6621	7217
6628	9950
6628	9468
6628	9685
6635	9591
6643	7099
6649	8908
6656	8191
6662	7290
6671	9409
6675	8833
6676	8801
6678	8407
6684	8809
6685	7190
6687	8971
6692	8472
6693	9497
6697	9233
6710	8353
6714	9956
6717	9113
6717	9797
6717	6945
6720	7144
6720	9298
6720	8367
6722	8416
6730	6922
6736	7859
6737	6926
6741	9717
6743	9173
6751	9262
6757	7925
6764	8095
6768	8562
6772	9035
6775	9090
6779	7786
6780	7376
6790	7393
6811	8030
6814	9428
6826	8178
6827	8548
6845	7272
6849	6977
6850	7843
6850	7095
6853	9426
6874	7110
6879	7345
6882	9287
6883	7656
6886	7271
6892	7932
6892	8722
6898	7778
6900	7796
6904	7066
6910	8784
6910	8290
6910	9894
6917	7594
6925	8710
6930	7564
6931	8707
6944	7461
6944	8742
6947	7589
6952	7610
6952	7661
6952	9106
6959	9542
6966	9401
6970	9291
6973	7055
6979	7045
6983	9742
7005	9253
7013	7609
7045	8593
7049	9597
7050	8024
7050	7242
7062	8489
7062	7509
7075	8960
7076	9337
7086	7684
7089	9365
7104	9912
7108	8826
7110	9285
7119	9656
7126	9445
7132	7236
7132	8261
7136	9193
7140	9897
7149	9827
7149	7767
7154	7402
7156	9623
7164	7850
7165	9099
7168	7374
7175	9214
7176	8932
7188	9517
7200	8859
7205	8121
7205	8133
7208	9932
7208	9588
7218	8692
7218	7495
7219	9828
7231	8761
7247	7430
7250	8483
7259	7314
7261	9375
7262	9439
7264	9437
7273	7832
7284	8744
7284	7299
7284	9330
7293	7530
7324	9040
7324	8127
7339	9111
7344	7363
7344	8670
7350	8061
7375	7518
7377	8196
7381	8464
7395	8462
7399	7806
7405	8399
7414	7657
7414	7777
7417	7984
7420	7815
7421	9142
7443	9741
7451	9064
7453	7775
7458	7973
7484	8650
7485	8093
7492	7939
7495	8595
7498	8179
7498	7966
7503	8455
7504	9164
7507	8852
7534	8333
7535	8345
7538	8154
7539	8199
7540	7856
7541	9540
7542	7794
7544	9162
7547	8343
7547	8103
7554	9362
7554	9087
7557	8377
7558	7871
7576	7845
7594	8783
7608	9701
7619	7953
7629	7686
7634	8653
7635	9595
7644	9299
7667	9321
7669	7986
7673	9776
7682	9095
7687	8845
7692	9207
7701	9537
7719	9711
7740	9729
7755	9806
7765	9506
7765	7807
7769	8738
7769	7931
7775	9590
7791	9014
7795	9179
7802	9769
7803	9697
7807	9073
7807	8130
7807	8683
7810	8258
7814	8342
7814	7999
7818	9801
7824	8330
7826	9712
7828	9427
7837	8837
7840	9177
7856	9509
7865	9648
7865	8851
7870	8427
7877	8482
7911	9575
7917	9869
7936	9825
7944	8203
7952	9384
7958	8771
7959	8698
7959	8974
7965	9814
7972	8807
7980	8735
7988	8616
7988	8308
7995	9858
7999	9959
8006	9718
8010	9117
8010	8175
8011	9176
8012	8597
8018	8240
8024	8128
8026	9534
8039	9775
8055	8502
8062	8260
8078	8361
8093	8590
8093	8943
8112	9726
8118	9132
8120	9866
8127	8338
8128	9486
8137	9273
8144	9660
8170	9961
8217	9206
8218	9979
8220	9567
8221	8380
8223	9618
8240	9645
8249	8422
8253	9350
8270	9219
8275	8686
8277	9145
8310	9510
8312	9504
8324	9466
8341	9612
8341	9548
8351	9131
8354	9405
8359	8575
8367	8745
8381	9715
8383	8556
8384	8726
8391	9957
8418	8491
8425	9433
8444	8450
8444	9038
8449	8666
8475	9408
8488	8526
8526	9455
8529	9272
8533	8689
8538	9951
8548	8764
8548	9277
8550	9915
8565	9260
8566	9883
8567	9010
8576	8663
8584	8868
8610	9911
8618	9748
8663	9781
8703	9303
8737	8901
8747	9999
8752	9460
8759	8954
8764	9220
8771	9476
8777	9536
8785	8903
8786	9258
8788	9527
8789	9773
8809	9425
8812	9251
8835	9942
8837	9680
8853	9945
8855	8917
8859	9265
8867	9553
8872	9508
8875	9013
8887	9410
8898	9102
8928	9244
8930	9110
8932	9893
8942	9326
8951	9673
8971	9516
9001	9518
9015	9222
9024	9760
9056	9170
9075	9939
9079	9232
9124	9135
9136	9147
9136	9790
9142	9407
9199	9472
9263	9946
9277	9415
9295	9370
9301	9531
9324	9651
9334	9570
9357	9982
9409	9691
9426	9770
9447	9767
9450	9478
9504	9705
9549	9725
9563	9862
9569	9925
9612	9986
9627	9665
